18.2 29.3 1.7 16 0.25 8.
-6.5 5.55
6.5 5.55
-6.5 7.05
6.5 7.05
-6.5 12.15
6.5 12.15
-6.5 13.7
6.5 13.7
-6.5 17.8
6.5 17.8
-6.5 19.4
6.5 19.4
-6.5 24.9
6.5 24.9
-6.5 26.9
6.5 26.9
12
1 2 5 6 9 10 13 14 1 3 2 4 5 7 6 8 9 11 10 12 13 15 14 16
0.02 500. 4 130. 150000. 130. 150000. 130. 150000. 130. 150000.
7 14
1 1 1 -0.5
1 2 1 -0.866
2 1 2 -0.5
2 2 2 0.866
3 1 3 1.
4 1 4 -0.5
4 2 4 -0.866
1 1 1 1 -0.5
1 1 3 1 -0.5
1 1 1 2 -0.866
1 1 3 2 -0.866
2 2 5 1 -0.5
2 2 7 1 -0.5
2 2 5 2 0.866
2 2 7 2 0.866
3 3 9 1 1.
3 3 11 1 1.
4 4 13 1 -0.5
4 4 15 1 -0.5
4 4 13 2 -0.866
4 4 15 2 -0.866