15. 31.57 1. 0.905 12 24 0
-7.5 0.
-7.5 6.55
-7.5 8.41 
-7.5 12.13
-7.5 13.99
-7.5 17.71
-7.5 22.57
-7.5 24.57
-7.5 25.57
-7.5 27.57
-7.5 28.57
-7.5 30.57
7.5 30.57
7.5 28.57
7.5 27.57
7.5 25.57
7.5 24.57 
7.5 22.57
7.5 17.71
7.5 13.99
7.5 12.13
7.5 8.41
7.5 6.55
7.5 2.83
11
1 2 -100. 0.
1 3 0. 0.
1 4 -100. 0.
1 5 0. 0.
1 6 -100. 0.
1 7 -37.5 21.65
1 8 -62.5 -21.65
1 9 -37.5 21.65
1 11 -37.5 21.65
1 10 -62.5 -21.65
1 12 -62.5 -21.65

0.02 500. 6 100. 10000. 100. 7000. 100. 10000. 60. 9000. 60. 4000. 60. 6000.
9 9 
1 1 1 -1.
2 1 2 -1.
3 1 3 -1.
4 1 4 0.5 
4 2 4 0.866
5 1 5 0.5
5 2 5 0.866
6 1 6 0.5
6 2 6 0.866
1 1 1 1 -1.
2 2 3 1 -1.
3 3 5 1 -1.
4 4 7 1 0.5
4 4 7 2 0.866
5 5 9 1 0.5
5 5 9 2 0.866
6 6 11 1 0.5
6 6 11 2 0.866
