80. 135. 0.3 17 0.25 6.
-28. 17.
-28. 4.
0. 4.
28. 4.
28. 17.
-35. 35.
35. 35.
-30. 75.
-18. 75.
-6. 75.
6. 75.
18. 75.
30. 75.
-35. 115.
-17. 115.
17. 115.
35. 115.
14
1 2 2 3 3 4 4 5 7 6 6 3 8 9 9 10 14 15 15 16 16 17 8 11 9 12 10 13
0.02 500. 9 80. 30000. 80. 50000. 80. 50000. 80. 30000. 
80. 300000. 80. 500000. 80. 60000. 80. 60000. 80. 60000.
18 33
1 1 1 -1.
2 1 2 0.5
2 2 2 -0.866
3 1 3 0.5
3 2 3 0.866
4 1 4 -1.
5 1 5 1.
6 1 5 -0.5
6 2 5 -0.866
7 1 6 -0.5
7 2 6 -0.866
8 1 6 -0.5
8 2 6 0.866
9 1 7 -0.5
9 2 7 -0.866
10 1 8 0.5
10 2 8 0.866
11 1 9 -1.
1 1 1 1 -1.
2 2 2 1 0.5
2 2 2 2 -0.866
2 2 1 1 0.5
2 2 1 2 -0.866
3 3 3 1 0.5
3 3 3 2 0.866
3 3 2 1 0.5
3 3 2 2 0.866
3 3 1 1 0.5
3 3 1 2 0.866
3 3 6 1 0.5
3 3 6 2 0.866
3 3 7 1 0.5
3 3 7 2 0.866
4 4 5 1 1.
5 5 6 1 -0.5
5 5 6 2 -0.866
5 5 7 1 0.5
5 5 7 2 -0.866
6 6 8 1 -1.
6 6 11 1 -1.
6 6 9 1 -0.5
6 6 9 2 0.866
6 6 12 1 -0.5
6 6 12 2 0.866
7 7 14 1 -0.5
7 7 14 2 -0.866
8 8 16 1 -0.5
8 8 16 2 -0.866
8 8 17 1 -0.5
8 8 17 2 -0.866
9 9 17 1 1.