69. 132. 0.3 13 0.25 4.
-28. 120.
-14. 120.
0. 120.
14. 120.
28. 120.
-21. 115.
-7. 115.
7. 115.
21. 115.
-29. 5.
-5. 5.
5. 5.
29. 5.
10
1 3 3 2 10 11 12 13 1 4 1 7 2 5 2 8 3 6 3 9 
0.02 500. 3 100. 1200000. 100. 100000. 100. 100000.
8 13
1 1 1 -0.5
1 2 1 -0.866
2 1 1 -0.5
2 2 1 0.866
3 1 2 -0.5
3 2 2 -0.866
4 1 3 -0.5
4 2 3 0.866
1 1 1 1 -1.
1 1 4 1 -1.
1 1 7 1 -1.
1 1 3 1 -0.5
1 1 6 1 -0.5
1 1 9 1 -0.5
1 1 3 2 0.866
1 1 6 2 0.866
1 1 9 2 0.866
2 2 10 1 -0.5
2 2 10 2 -0.866
3 3 12 1 -0.5
3 3 12 2 0.866