45. 68. 1.6 18 0.25 8.
-10. 12.5
10. 12.5
0. 23.25
-10. 34.
10. 34.
0. 44.75
-10. 55.5
10. 55.5
-12.5 2.5
-20. 10.
-20. 34.
-20. 58.
-12.5 65.5
12.5 65.5
20. 58.
20. 34.
20. 10.
12.5 2.5
16
1 3 3 2 1 5 1 7 2 4 2 8 3 6 9 10 9 11 9 12 9 13 9 14 9 15 9 16 9 17 9 18
0.02 500. 1 100. 1850000.
4 12
1 1 1 -0.5
1 2 1 -0.866
2 1 1 -0.5
2 2 1 0.866
1 1 1 1 -0.5
1 1 5 1 -0.5
1 1 7 1 -0.5
1 1 1 2 -0.866
1 1 5 2 -0.866
1 1 7 2 -0.866
1 1 2 1 0.5
1 1 4 1 0.5
1 1 8 1 0.5
1 1 2 2 -0.866
1 1 4 2 -0.866
1 1 8 2 -0.866