
                                        èéãÖ èãéíçéëíà åéôçéëíà

       1       2       3       4       5       6       7       8       9      10      11      12      13      14      15      16      17      18      19      20
 51      .0      .2      .8     1.9     3.4     5.5     8.2    11.6    15.8    20.9    26.8    33.6    41.3    49.8    58.9    68.5    78.4    88.4    98.3   107.8
 50      .4      .6     1.2     2.3     3.8     5.9     8.7    12.1    16.3    21.4    27.4    34.4    42.2    50.7    60.0    69.7    79.7    89.7    99.6   109.2
 49     1.6     1.8     2.4     3.5     5.1     7.2    10.0    13.5    17.9    23.2    29.4    36.6    44.8    53.7    63.3    73.3    83.5    93.7   103.7   113.3
 48     3.5     3.7     4.3     5.4     7.0     9.2    12.1    15.8    20.5    26.1    32.9    40.6    49.4    59.0    69.2    79.8    90.4   100.9   111.0   120.5
 47     5.8     6.0     6.6     7.8     9.5    11.8    14.9    19.0    24.1    30.4    38.0    46.7    56.6    67.3    78.5    90.0   101.2   112.0   122.1   131.3
 46     8.1     8.4     9.1    10.3    12.2    14.8    18.3    22.9    28.8    36.2    45.1    55.6    67.3    79.8    92.7   105.4   117.4   128.4   138.1   146.6
 45    10.2    10.5    11.3    12.6    14.7    17.7    21.8    27.3    34.6    43.8    55.2    68.5    83.5    99.1   114.6   128.9   141.5   152.1   160.7   167.6
 44    11.6    11.9    12.8    14.3    16.7    20.2    25.1    32.0    41.3    53.7    69.4    88.2   109.2   130.5   150.0   166.1   178.2   186.7   192.1   195.5
 43    12.0    12.3    13.2    14.9    17.6    21.7    27.6    36.3    48.8    66.4    90.3   120.5   154.3   186.8   212.6   228.7   236.1   237.4   235.2   231.5
 42    11.1    11.4    12.4    14.2    17.1    21.5    28.4    39.1    55.9    82.2   122.4   179.1   246.8   306.9   339.9   343.6   329.9   310.4   291.4   275.0
 41     9.2     9.5    10.4    12.1    15.0    19.5    26.8    39.0    60.2    98.6   170.4   301.5   497.6   658.6   662.3   570.9   476.8   406.0   356.1   321.0
 40     6.7     6.9     7.7     9.2    11.8    15.8    22.6    34.5    57.0   104.4   219.2   698.4   698.4   698.4   698.4   967.0   650.1   496.1   410.5   357.9
 39     4.2     4.4     5.0     6.3     8.3    11.5    16.7    26.0    44.0    84.2   192.4   698.4   698.4   698.4   698.4  1095.1   689.2   517.1   426.6   372.2
 38     2.2     2.4     2.9     3.9     5.4     7.6    11.0    16.6    26.8    48.2    98.7   228.8   698.4   698.4   832.6   659.9   531.9   450.6   397.6   361.0
 37     1.0     1.1     1.6     2.4     3.5     5.0     6.8     9.3    13.3    20.9    37.7    74.8   144.0   236.8   315.2   355.6   366.0   361.0   349.7   336.5
 36      .5      .7     1.1     1.8     2.7     3.6     4.5     5.1     5.6     6.8    11.7    26.0    57.3   108.1   169.9   227.9   271.4   298.2   311.2   314.6
 35      .8      .9     1.4     2.0     2.7     3.4     3.8     3.5     2.5     1.3     2.5    11.1    33.7    74.2   128.8   186.7   236.7   272.9   294.8   305.3
 34     1.7     1.9     2.3     2.9     3.6     4.3     4.6     4.2     3.2     2.2     3.7    13.4    38.6    83.3   141.9   201.6   250.8   284.6   304.1   312.5
 33     3.4     3.6     4.0     4.7     5.5     6.4     7.3     8.0     8.9    11.1    18.4    39.2    83.9   153.4   228.3   286.0   319.9   335.3   338.8   335.6
 32     6.1     6.2     6.7     7.6     8.8    10.4    12.7    16.0    21.8    33.8    62.2   131.8   278.4   668.7   533.3   509.1   463.2   423.2   392.2   368.1
 31     9.8    10.0    10.6    11.8    13.7    16.5    20.9    28.4    42.5    73.3   153.9   668.7   668.7   668.7   668.7   668.7   653.9   517.2   442.3   396.1
 30    14.4    14.7    15.6    17.2    19.8    23.8    30.4    41.7    63.1   108.9   226.6   668.7   668.7   668.7   668.7   668.7   713.1   545.1   456.6   403.7
 29    19.7    20.0    21.1    23.0    26.1    30.9    38.5    51.0    72.8   113.8   196.9   371.7   687.5   959.0   900.0   716.2   574.7   483.8   425.3   386.0
 28    25.1    25.4    26.6    28.5    31.6    36.3    43.2    53.7    70.2    96.7   139.6   205.9   293.1   376.5   423.3   429.9   414.7   393.2   372.2   353.7
 27    30.2    30.5    31.5    33.2    35.8    39.4    44.4    51.3    61.0    74.8    95.0   123.8   162.4   207.5   251.4   286.4   309.1   320.5   323.6   321.4
 26    34.4    34.9    35.7    36.9    38.7    40.9    43.5    46.6    50.1    54.9    62.5    75.9    99.0   133.1   174.9   217.1   252.4   277.3   292.0   298.7
 25    38.7    38.8    39.3    40.1    41.0    41.9    42.4    42.1    40.9    38.9    38.1    43.2    61.2    96.2   144.1   193.6   234.9   263.7   280.9   289.2
 24    42.3    42.4    42.8    43.2    43.6    43.7    42.9    40.8    36.5    29.8    22.5    21.7    41.8    92.8   160.9   220.1   259.1   280.5   290.2   292.8
 23    45.8    45.9    46.2    46.7    47.1    47.3    46.8    45.1    41.5    35.4    28.2    31.2    83.1   213.2   315.7   342.0   337.4   326.3   315.1   305.1
 22    49.0    49.2    49.6    50.4    51.5    52.7    54.1    55.8    58.3    64.1    83.6   299.0   299.0   299.0   299.0   299.0   449.4   379.0   340.4   316.4
 21    51.8    52.0    52.7    54.0    55.9    58.7    62.6    68.8    79.5   101.3   156.2   299.0   299.0   299.0   299.0   299.0   479.4   391.9   344.5   315.9
 20    53.7    54.0    55.0    56.7    59.3    63.2    69.0    77.8    92.2   117.6   165.7   258.6   410.8   299.0   539.9   466.9   400.1   353.4   322.0   300.6
 19    54.4    54.7    55.9    57.8    60.8    65.1    71.3    80.2    93.3   113.1   142.8   185.3   237.5   285.4   313.0   318.3   310.8   299.0   287.3   277.1
 18    53.7    54.1    55.2    57.1    60.0    64.1    69.6    77.1    87.2   100.8   118.8   141.7   168.8   196.8   221.6   239.7   250.5   255.2   255.8   254.0
 17    51.6    52.0    53.0    54.7    57.3    60.8    65.4    71.2    78.7    88.1   100.1   115.4   134.7   157.2   180.6   201.7   218.0   228.7   234.6   237.0
 16    48.5    48.8    49.7    51.2    53.4    56.3    60.0    64.6    70.4    77.7    87.6   101.5   121.0   145.5   171.4   193.8   210.2   220.4   225.8   228.0
 15    44.7    44.9    45.7    47.0    48.9    51.5    54.7    58.8    64.2    71.9    83.9   104.3   136.7   176.3   208.3   225.0   230.6   230.7   228.8   226.3
 14    40.6    40.8    41.5    42.7    44.5    47.0    50.3    54.8    61.5    73.0    96.2   150.6   274.1   274.1   393.6   329.9   284.0   256.1   239.1   228.4
 13    36.5    36.7    37.4    38.7    40.5    43.1    46.9    52.5    61.9    80.1   125.2   274.1   274.1   274.1   274.1   495.5   340.6   277.0   245.2   227.6
 12    32.5    32.8    33.5    34.9    36.9    39.8    44.0    50.7    61.8    83.2   131.8   274.1   274.1   274.1   274.1   447.4   324.0   266.0   235.3   218.0
 11    28.8    29.0    29.8    31.2    33.3    36.4    40.9    47.6    58.3    76.3   108.4   164.9   248.2   317.2   321.8   287.5   252.4   226.9   210.1   199.5
 10    25.0    25.3    26.1    27.5    29.6    32.6    36.9    43.0    52.0    65.1    84.3   110.6   141.6   169.6   186.4   191.2   188.9   184.3   180.1   177.1
  9    21.2    21.5    22.2    23.6    25.6    28.4    32.3    37.6    44.7    54.3    66.7    82.0    99.0   115.6   129.6   139.7   146.2   150.3   153.1   155.4
  8    17.3    17.6    18.3    19.6    21.4    24.0    27.5    32.0    37.7    45.1    54.0    64.5    76.2    88.1    99.5   109.7   118.3   125.5   131.6   136.9
  7    13.4    13.7    14.4    15.6    17.3    19.7    22.7    26.7    31.5    37.5    44.6    52.8    61.9    71.5    81.2    90.6    99.5   107.6   115.1   122.0
  6     9.8    10.0    10.7    11.8    13.4    15.6    18.4    22.0    26.3    31.5    37.5    44.5    52.2    60.4    69.0    77.8    86.4    94.8   102.8   110.4
  5     6.5     6.7     7.3     8.4    10.0    12.1    14.7    18.0    22.0    26.7    32.2    38.4    45.3    52.7    60.7    68.9    77.2    85.5    93.7   101.6
  4     3.7     4.0     4.6     5.6     7.2     9.2    11.7    14.9    18.7    23.1    28.2    34.0    40.4    47.4    54.9    62.7    70.8    79.0    87.1    95.2
  3     1.7     1.9     2.5     3.6     5.1     7.1     9.6    12.6    16.3    20.6    25.5    31.0    37.1    43.9    51.1    58.6    66.5    74.6    82.8    90.9
  2      .4      .6     1.3     2.3     3.8     5.8     8.3    11.3    14.9    19.1    23.9    29.3    35.3    41.8    48.9    56.3    64.1    72.1    80.2    88.4
  1      .0      .2      .8     1.9     3.4     5.3     7.8    10.8    14.4    18.6    23.3    28.7    34.7    41.2    48.2    55.6    63.3    71.3    79.4    87.6
      21      22      23      24      25      26      27      28      29      30      31      32      33      34      35      36      37      38      39      40
  0   116.9   125.4   133.3   140.4   146.8   152.4   157.4   161.6   165.2   168.2   170.6   172.6   174.1   175.2   176.0   176.4   176.6   176.5   176.2   175.7
 -1   118.2   126.7   134.5   141.5   147.8   153.4   158.2   162.4   165.9   168.8   171.2   173.1   174.5   175.6   176.3   176.7   176.8   176.7   176.4   175.9
 -2   122.3   130.6   138.1   144.9   151.0   156.2   160.8   164.7   168.0   170.7   172.8   174.6   175.8   176.8   177.4   177.6   177.7   177.5   177.1   176.5
 -3   129.2   137.2   144.4   150.7   156.2   161.0   165.1   168.5   171.4   173.7   175.6   177.0   178.0   178.7   179.0   179.2   179.0   178.7   178.2   177.5
 -4   139.6   146.9   153.3   158.9   163.7   167.7   171.1   173.9   176.1   177.9   179.3   180.3   180.9   181.3   181.4   181.2   180.9   180.3   179.7   178.8
 -5   153.9   160.1   165.3   169.7   173.3   176.3   178.7   180.6   182.1   183.2   183.9   184.4   184.6   184.5   184.2   183.8   183.2   182.4   181.5   180.5
 -6   173.0   177.2   180.5   183.1   185.1   186.6   187.8   188.6   189.1   189.3   189.3   189.2   188.8   188.3   187.6   186.8   185.9   184.8   183.7   182.5
 -7   197.4   198.4   198.9   198.9   198.8   198.5   198.0   197.5   196.9   196.2   195.4   194.5   193.5   192.5   191.3   190.1   188.9   187.6   186.2   184.8
 -8   227.4   223.4   219.8   216.6   213.8   211.3   209.1   207.1   205.3   203.5   201.8   200.2   198.6   197.0   195.4   193.8   192.1   190.5   188.9   187.2
 -9   261.6   250.8   242.1   235.1   229.3   224.5   220.5   216.9   213.8   211.0   208.4   206.0   203.8   201.6   199.6   197.6   195.6   193.7   191.8   189.9
-10   295.9   277.4   263.5   252.7   244.1   237.2   231.4   226.4   222.2   218.4   215.0   211.9   209.0   206.4   203.8   201.4   199.1   196.9   194.7   192.6
-11   323.2   298.9   281.1   267.6   257.0   248.4   241.2   235.2   230.0   225.4   221.3   217.6   214.2   211.0   208.1   205.3   202.7   200.2   197.8   195.5
-12   336.5   311.4   292.8   278.4   267.0   257.6   249.6   242.9   237.0   231.8   227.1   222.9   219.0   215.5   212.2   209.1   206.2   203.4   200.8   198.4
-13   334.4   314.1   298.0   284.9   273.9   264.5   256.4   249.3   243.1   237.4   232.4   227.8   223.5   219.7   216.1   212.7   209.6   206.7   203.9   201.2
-14   323.2   310.6   298.8   288.2   278.5   269.7   261.8   254.7   248.2   242.4   237.0   232.2   227.7   223.6   219.7   216.2   212.9   209.8   206.9   204.1
-15   312.0   306.0   298.4   290.1   281.8   273.8   266.2   259.1   252.6   246.7   241.2   236.1   231.4   227.1   223.1   219.4   216.0   212.8   209.7   206.9
-16   307.7   305.1   299.6   292.6   285.0   277.4   270.0   263.0   256.4   250.3   244.7   239.5   234.7   230.3   226.2   222.4   218.9   215.6   212.5   209.7
-17   313.5   310.0   303.9   296.6   288.8   281.0   273.4   266.3   259.7   253.5   247.8   242.5   237.7   233.2   229.0   225.2   221.6   218.3   215.2   212.4
-18   328.8   320.3   311.1   301.9   293.0   284.5   276.6   269.2   262.4   256.1   250.3   245.0   240.1   235.6   231.5   227.7   224.1   220.8   217.8   215.0
-19   348.8   332.8   319.2   307.4   296.9   287.5   279.1   271.4   264.5   258.1   252.3   247.0   242.2   237.7   233.6   229.9   226.4   223.2   220.2   217.5
-20   365.0   342.5   325.1   311.1   299.4   289.4   280.6   272.8   265.8   259.5   253.7   248.5   243.8   239.4   235.4   231.8   228.5   225.4   222.6   220.0
-21   369.0   344.4   326.1   311.5   299.6   289.5   280.8   273.1   266.3   260.1   254.5   249.5   244.9   240.7   236.9   233.5   230.3   227.4   224.8   222.4
-22   358.1   337.4   321.3   308.2   297.2   287.8   279.6   272.3   265.8   260.0   254.7   249.9   245.6   241.7   238.1   234.9   231.9   229.2   226.8   224.7
-23   337.8   324.1   312.3   301.9   292.8   284.6   277.2   270.6   264.6   259.2   254.3   249.9   245.9   242.2   239.0   236.0   233.3   230.9   228.8   226.9
-24   316.2   309.4   302.0   294.5   287.3   280.4   274.1   268.2   262.8   257.9   253.5   249.4   245.8   242.5   239.5   236.9   234.6   232.5   230.7   229.1
-25   299.7   297.3   292.9   287.5   281.8   276.1   270.6   265.4   260.6   256.2   252.2   248.6   245.4   242.4   239.9   237.6   235.6   233.9   232.4   231.2
-26   291.5   290.2   286.7   282.1   277.1   272.0   267.1   262.5   258.2   254.2   250.7   247.5   244.6   242.1   239.9   238.1   236.5   235.1   234.1   233.3
-27   291.5   288.0   283.3   278.3   273.2   268.3   263.7   259.4   255.5   252.0   248.9   246.1   243.7   241.6   239.8   238.3   237.2   236.3   235.6   235.3
-28   296.3   288.5   281.5   275.3   269.7   264.6   260.2   256.2   252.6   249.5   246.8   244.4   242.4   240.8   239.4   238.4   237.7   237.2   237.0   237.1
-29   300.1   288.2   279.1   271.8   265.7   260.6   256.3   252.6   249.4   246.7   244.4   242.5   241.0   239.7   238.8   238.3   238.0   238.0   238.3   238.8
-30   297.1   283.9   274.1   266.6   260.7   255.8   251.9   248.6   245.8   243.6   241.7   240.3   239.2   238.4   238.0   237.9   238.1   238.5   239.3   240.4
-31   285.4   274.4   266.0   259.5   254.3   250.1   246.8   244.0   241.8   240.1   238.7   237.8   237.2   236.9   236.9   237.3   237.9   238.9   240.1   241.7
-32   268.5   261.4   255.6   250.8   246.9   243.7   241.1   239.0   237.4   236.2   235.4   235.0   234.9   235.1   235.6   236.4   237.5   238.9   240.6   242.7
-33   251.1   247.9   244.6   241.6   239.0   236.9   235.1   233.7   232.8   232.2   231.9   231.9   232.3   233.0   234.0   235.2   236.8   238.7   240.9   243.4
-34   237.2   236.2   234.6   233.0   231.4   230.1   229.0   228.3   227.9   227.9   228.1   228.7   229.5   230.6   232.1   233.8   235.8   238.1   240.8   243.8
-35   228.3   227.6   226.5   225.3   224.3   223.5   223.0   222.8   222.9   223.4   224.1   225.1   226.4   228.0   229.9   232.0   234.5   237.2   240.3   243.7
-36   223.9   221.7   219.9   218.6   217.7   217.2   217.0   217.3   217.9   218.8   219.9   221.4   223.2   225.2   227.4   230.0   232.8   236.0   239.4   243.2
-37   221.5   216.9   214.0   212.1   211.2   210.8   211.0   211.6   212.6   213.9   215.6   217.5   219.6   222.1   224.7   227.7   230.8   234.3   238.1   242.2
-38   217.2   210.9   207.2   205.1   204.2   204.1   204.7   205.7   207.1   208.9   211.0   213.3   215.9   218.7   221.7   225.0   228.6   232.4   236.4   240.8
-39   207.8   201.8   198.5   196.9   196.4   196.9   197.9   199.5   201.4   203.7   206.2   208.9   211.9   215.1   218.6   222.2   226.0   230.1   234.4   239.1
-40   193.0   189.4   187.6   187.2   187.7   188.9   190.7   192.9   195.4   198.2   201.2   204.4   207.8   211.4   215.2   219.1   223.3   227.6   232.1   236.9
-41   175.4   174.9   175.3   176.5   178.3   180.6   183.2   186.1   189.3   192.7   196.2   199.9   203.7   207.6   211.7   216.0   220.3   224.9   229.6   234.5
-42   157.7   160.1   162.7   165.6   168.8   172.1   175.7   179.4   183.2   187.1   191.2   195.3   199.5   203.8   208.2   212.8   217.4   222.1   227.0   232.0
-43   141.8   146.3   150.8   155.2   159.5   163.9   168.4   172.8   177.3   181.8   186.3   190.9   195.5   200.2   204.9   209.6   214.4   219.3   224.3   229.4
-44   128.4   134.4   140.2   145.7   151.1   156.4   161.6   166.7   171.8   176.8   181.8   186.8   191.8   196.7   201.7   206.6   211.6   216.7   221.7   226.8
-45   117.7   124.6   131.2   137.6   143.8   149.8   155.6   161.3   166.9   172.4   177.8   183.1   188.4   193.6   198.8   203.9   209.1   214.2   219.3   224.4
-46   109.4   116.8   124.0   131.0   137.7   144.2   150.5   156.7   162.7   168.5   174.3   179.9   185.4   190.9   196.3   201.6   206.8   212.0   217.2   222.3
-47   103.2   111.0   118.5   125.9   133.0   139.9   146.5   153.0   159.3   165.5   171.5   177.3   183.1   188.7   194.2   199.7   205.0   210.3   215.5   220.6
-48    99.0   106.9   114.7   122.2   129.6   136.7   143.6   150.4   156.9   163.2   169.4   175.5   181.3   187.1   192.7   198.3   203.7   209.0   214.2   219.3
-49    96.5   104.5   112.4   120.1   127.6   134.8   141.9   148.8   155.4   161.9   168.2   174.3   180.3   186.1   191.8   197.4   202.8   208.2   213.4   218.5
-50    95.7   103.7   111.6   119.4   126.9   134.2   141.3   148.2   154.9   161.4   167.8   173.9   179.9   185.8   191.5   197.1   202.6   207.9   213.1   218.2
      41      42      43      44      45      46      47      48      49      50      51      52      53      54      55      56      57      58      59      60
-51   175.0   174.2   173.3   172.3   171.2   170.1   168.9   167.6   166.3   165.1   163.8   162.5   161.2   160.0   158.8   157.7   156.6   155.6   154.6   153.7
-52   175.2   174.4   173.5   172.5   171.4   170.2   169.0   167.7   166.4   165.2   163.9   162.6   161.3   160.1   158.9   157.8   156.7   155.6   154.7   153.8
-53   175.8   174.9   173.9   172.9   171.7   170.5   169.3   168.0   166.7   165.4   164.1   162.8   161.6   160.3   159.1   158.0   156.9   155.8   154.9   154.0
-54   176.7   175.7   174.7   173.6   172.4   171.1   169.9   168.6   167.2   165.9   164.6   163.3   162.0   160.7   159.5   158.3   157.2   156.2   155.2   154.3
-55   177.9   176.8   175.7   174.5   173.3   172.0   170.6   169.3   167.9   166.6   165.2   163.9   162.6   161.3   160.0   158.9   157.7   156.7   155.7   154.8
-56   179.4   178.3   177.0   175.7   174.4   173.0   171.6   170.2   168.8   167.4   166.0   164.6   163.3   162.0   160.7   159.5   158.4   157.3   156.3   155.4
-57   181.3   179.9   178.6   177.1   175.7   174.3   172.8   171.3   169.8   168.4   167.0   165.6   164.2   162.9   161.6   160.4   159.2   158.1   157.1   156.2
-58   183.3   181.8   180.3   178.8   177.2   175.7   174.1   172.6   171.1   169.6   168.1   166.7   165.3   163.9   162.6   161.4   160.2   159.1   158.1   157.1
-59   185.6   183.9   182.3   180.6   179.0   177.3   175.7   174.1   172.5   170.9   169.4   167.9   166.5   165.1   163.8   162.6   161.4   160.2   159.2   158.3
-60   188.0   186.2   184.4   182.6   180.8   179.1   177.4   175.7   174.1   172.5   170.9   169.4   167.9   166.5   165.2   163.9   162.7   161.6   160.5   159.6
-61   190.6   188.6   186.7   184.7   182.9   181.1   179.3   177.5   175.8   174.2   172.6   171.0   169.6   168.1   166.8   165.5   164.3   163.1   162.1   161.1
-62   193.3   191.1   189.0   187.0   185.0   183.1   181.3   179.5   177.8   176.1   174.4   172.9   171.4   169.9   168.5   167.2   166.0   164.9   163.8   162.8
-63   196.0   193.7   191.5   189.4   187.3   185.4   183.5   181.6   179.8   178.1   176.5   174.9   173.4   171.9   170.6   169.3   168.0   166.9   165.8   164.8
-64   198.7   196.3   194.1   191.9   189.8   187.7   185.8   183.9   182.1   180.4   178.7   177.1   175.6   174.2   172.8   171.5   170.3   169.2   168.1   167.2
-65   201.5   199.0   196.7   194.4   192.3   190.2   188.3   186.4   184.6   182.9   181.2   179.6   178.1   176.7   175.4   174.1   172.9   171.8   170.8   169.8
-66   204.2   201.7   199.3   197.1   194.9   192.8   190.9   189.0   187.2   185.5   183.9   182.4   180.9   179.5   178.2   177.0   175.8   174.8   173.8   172.9
-67   207.0   204.4   202.0   199.8   197.6   195.6   193.7   191.9   190.1   188.5   186.9   185.4   184.0   182.7   181.4   180.3   179.2   178.2   177.2   176.4
-68   209.7   207.2   204.8   202.6   200.5   198.5   196.7   194.9   193.2   191.7   190.2   188.8   187.5   186.2   185.1   184.0   183.0   182.0   181.2   180.4
-69   212.3   209.9   207.6   205.5   203.5   201.6   199.8   198.2   196.6   195.2   193.8   192.5   191.3   190.2   189.2   188.2   187.3   186.5   185.7   185.0
-70   215.0   212.6   210.5   208.4   206.6   204.8   203.2   201.7   200.3   199.0   197.8   196.7   195.7   194.7   193.8   193.0   192.3   191.6   191.0   190.4
-71   217.6   215.4   213.4   211.5   209.8   208.3   206.8   205.5   204.3   203.2   202.2   201.3   200.5   199.7   199.1   198.5   197.9   197.5   197.1   196.7
-72   220.2   218.2   216.4   214.7   213.2   211.9   210.7   209.6   208.7   207.8   207.1   206.5   205.9   205.4   205.0   204.7   204.5   204.3   204.1   204.0
-73   222.7   221.0   219.4   218.0   216.8   215.8   214.9   214.1   213.4   212.9   212.5   212.2   212.0   211.9   211.8   211.9   212.0   212.1   212.3   212.5
-74   225.3   223.8   222.5   221.5   220.6   219.9   219.3   218.9   218.6   218.5   218.5   218.6   218.8   219.1   219.5   220.0   220.6   221.2   221.9   222.5
-75   227.8   226.7   225.8   225.0   224.5   224.2   224.0   224.0   224.2   224.6   225.0   225.7   226.4   227.3   228.3   229.4   230.5   231.8   233.0   234.3
-76   230.3   229.5   229.0   228.7   228.6   228.8   229.1   229.6   230.3   231.2   232.3   233.5   234.9   236.5   238.2   240.1   242.0   244.1   246.2   248.3
-77   232.7   232.4   232.4   232.5   232.9   233.6   234.4   235.5   236.8   238.4   240.1   242.1   244.4   246.8   249.4   252.3   255.3   258.4   261.6   264.8
-78   235.2   235.3   235.7   236.4   237.3   238.5   240.0   241.7   243.8   246.1   248.7   251.6   254.8   258.3   262.1   266.1   270.5   275.0   279.7   284.5
-79   237.5   238.1   239.1   240.3   241.8   243.6   245.8   248.3   251.1   254.3   257.8   261.8   266.2   271.0   276.2   281.8   287.9   294.3   301.0   307.9
-80   239.7   240.9   242.4   244.2   246.3   248.8   251.7   255.0   258.7   262.9   267.5   272.7   278.5   284.8   291.8   299.4   307.7   316.6   326.0   335.9
-81   241.8   243.5   245.5   247.9   250.7   253.9   257.6   261.7   266.4   271.7   277.6   284.2   291.6   299.8   308.9   318.9   330.0   342.1   355.2   369.2
-82   243.6   245.8   248.5   251.5   255.0   258.9   263.4   268.4   274.1   280.5   287.8   295.9   305.1   315.4   327.0   340.1   354.6   370.9   388.8   408.5
-83   245.1   247.9   251.1   254.8   258.9   263.6   268.8   274.8   281.5   289.2   297.8   307.6   318.7   331.4   345.9   362.4   381.2   402.6   427.0   454.4
-84   246.3   249.7   253.4   257.6   262.4   267.7   273.8   280.7   288.4   297.2   307.2   318.7   331.9   347.1   364.6   385.0   408.7   436.4   468.7   506.5
-85   247.1   250.9   255.2   259.9   265.3   271.3   278.1   285.7   294.4   304.3   315.6   328.7   343.8   361.4   382.1   406.6   435.6   470.4   512.2   562.8
-86   247.5   251.7   256.4   261.7   267.5   274.1   281.4   289.8   299.2   310.0   322.5   336.9   353.7   373.5   397.1   425.3   459.5   501.5   553.5   618.8
-87   247.4   252.0   257.0   262.7   268.9   275.9   283.7   292.5   302.6   314.1   327.3   342.7   360.8   382.2   407.9   439.1   477.6   525.7   587.0   666.5
-88   246.7   251.6   257.0   262.9   269.4   276.7   284.8   293.9   304.3   316.1   329.7   345.6   364.2   386.4   413.2   446.0   486.9   538.7   605.9   695.3
-89   245.6   250.7   256.3   262.4   269.1   276.4   284.6   293.8   304.2   316.0   329.5   345.2   363.7   385.7   412.2   444.7   485.3   537.1   604.8   695.8
-90   244.0   249.3   255.0   261.1   267.8   275.2   283.3   292.3   302.3   313.7   326.7   341.6   359.1   379.8   404.6   434.8   472.4   520.0   581.9   664.6
-91   242.0   247.4   253.1   259.2   265.8   273.0   280.8   289.4   298.9   309.5   321.5   335.1   350.9   369.3   391.2   417.5   449.6   489.8   540.9   607.8
-92   239.7   245.1   250.8   256.8   263.2   270.0   277.4   285.4   294.1   303.7   314.4   326.3   339.8   355.4   373.4   394.6   420.0   450.9   489.0   537.0
-93   237.1   242.5   248.1   253.9   260.1   266.5   273.3   280.6   288.4   296.8   305.9   315.9   326.9   339.2   353.1   368.9   387.2   408.6   433.9   464.3
-94   234.5   239.8   245.3   250.9   256.7   262.6   268.9   275.3   282.1   289.2   296.7   304.6   313.1   322.2   332.0   342.6   354.3   367.2   381.7   397.9
-95   231.9   237.2   242.4   247.8   253.2   258.7   264.3   270.0   275.7   281.6   287.5   293.4   299.5   305.6   311.6   317.7   323.8   329.9   335.8   341.7
-96   229.5   234.6   239.7   244.8   249.9   254.9   259.9   264.8   269.6   274.3   278.8   283.0   286.9   290.3   293.3   295.6   297.3   298.0   297.8   296.5
-97   227.4   232.4   237.3   242.1   246.9   251.5   256.0   260.2   264.2   267.8   271.0   273.8   275.8   277.2   277.7   277.1   275.4   272.3   267.8   261.8
-98   225.6   230.5   235.3   239.9   244.4   248.6   252.7   256.3   259.6   262.5   264.7   266.2   266.9   266.6   265.2   262.5   258.4   252.7   245.4   236.5
-99   224.2   229.1   233.7   238.2   242.5   246.5   250.2   253.5   256.2   258.5   260.0   260.7   260.4   259.0   256.3   252.1   246.4   239.0   230.0   219.2
***   223.4   228.2   232.8   237.2   241.3   245.2   248.6   251.7   254.1   256.0   257.1   257.3   256.4   254.3   250.9   245.9   239.3   231.0   220.9   209.3
***   223.1   227.9   232.5   236.8   240.9   244.7   248.1   251.1   253.4   255.2   256.1   256.1   255.0   252.7   249.0   243.8   236.9   228.3   218.0   206.0
      61      62      63      64      65      66      67      68      69      70      71      72      73      74      75      76      77      78      79      80
***   152.9   152.2   151.5   151.0   150.5   150.1   149.9   149.7   149.7   149.7   149.9   150.2   150.5   151.0   151.5   152.2   152.9   153.7   154.6   155.6
***   152.9   152.2   151.6   151.0   150.6   150.2   150.0   149.8   149.8   149.8   150.0   150.2   150.6   151.0   151.6   152.2   153.0   153.8   154.7   155.7
***   153.1   152.4   151.8   151.2   150.8   150.4   150.1   150.0   149.9   150.0   150.2   150.4   150.8   151.2   151.8   152.4   153.2   154.0   154.9   155.9
***   153.5   152.7   152.1   151.5   151.1   150.7   150.5   150.3   150.3   150.3   150.5   150.7   151.1   151.6   152.1   152.8   153.5   154.3   155.2   156.2
***   154.0   153.2   152.6   152.0   151.5   151.2   150.9   150.8   150.7   150.8   150.9   151.2   151.5   152.0   152.6   153.2   154.0   154.8   155.7   156.7
***   154.6   153.8   153.2   152.6   152.1   151.8   151.5   151.3   151.3   151.3   151.5   151.8   152.1   152.6   153.2   153.8   154.6   155.4   156.4   157.4
***   155.3   154.6   153.9   153.3   152.9   152.5   152.2   152.1   152.0   152.1   152.2   152.5   152.9   153.4   153.9   154.6   155.4   156.2   157.2   158.2
***   156.3   155.5   154.8   154.3   153.8   153.4   153.1   153.0   152.9   153.0   153.2   153.4   153.8   154.3   154.9   155.5   156.3   157.2   158.1   159.2
***   157.4   156.6   155.9   155.3   154.9   154.5   154.2   154.1   154.0   154.1   154.2   154.5   154.9   155.4   156.0   156.6   157.4   158.3   159.3   160.3
***   158.7   157.9   157.2   156.6   156.1   155.8   155.5   155.3   155.3   155.3   155.5   155.8   156.2   156.7   157.2   157.9   158.7   159.6   160.6   161.6
***   160.2   159.4   158.7   158.1   157.6   157.3   157.0   156.8   156.8   156.8   157.0   157.3   157.7   158.2   158.8   159.4   160.2   161.1   162.1   163.2
***   162.0   161.2   160.5   159.9   159.4   159.0   158.7   158.6   158.5   158.6   158.8   159.0   159.4   159.9   160.5   161.2   162.0   162.9   163.9   164.9
***   164.0   163.2   162.5   161.9   161.4   161.0   160.8   160.6   160.6   160.6   160.8   161.1   161.4   161.9   162.5   163.2   164.0   164.9   165.9   166.9
***   166.3   165.5   164.8   164.3   163.8   163.4   163.1   163.0   162.9   163.0   163.1   163.4   163.8   164.3   164.9   165.6   166.3   167.2   168.2   169.2
***   169.0   168.2   167.5   167.0   166.5   166.1   165.9   165.7   165.7   165.7   165.9   166.2   166.5   167.0   167.6   168.2   169.0   169.9   170.8   171.8
***   172.0   171.3   170.7   170.1   169.7   169.3   169.1   168.9   168.9   168.9   169.1   169.3   169.7   170.2   170.7   171.4   172.1   172.9   173.8   174.8
***   175.6   174.9   174.3   173.8   173.4   173.0   172.8   172.7   172.6   172.7   172.8   173.1   173.4   173.8   174.3   174.9   175.6   176.4   177.3   178.2
***   179.7   179.1   178.5   178.0   177.7   177.4   177.1   177.0   177.0   177.0   177.2   177.4   177.7   178.1   178.6   179.1   179.7   180.5   181.2   182.1
***   184.4   183.9   183.4   183.0   182.7   182.4   182.3   182.1   182.1   182.2   182.3   182.5   182.7   183.1   183.5   183.9   184.5   185.1   185.8   186.6
***   189.9   189.5   189.2   188.8   188.6   188.4   188.3   188.2   188.2   188.2   188.3   188.4   188.6   188.9   189.2   189.6   190.0   190.5   191.1   191.7
***   196.4   196.1   195.9   195.7   195.6   195.5   195.4   195.3   195.3   195.3   195.4   195.5   195.6   195.8   196.0   196.2   196.5   196.8   197.2   197.6
***   203.9   203.9   203.8   203.8   203.8   203.8   203.9   203.9   203.9   203.9   203.9   203.9   203.9   203.9   203.9   203.9   204.0   204.1   204.2   204.4
***   212.8   213.0   213.3   213.5   213.7   213.9   214.0   214.1   214.1   214.1   214.0   213.9   213.7   213.6   213.3   213.1   212.9   212.6   212.4   212.2
***   223.2   223.9   224.5   225.1   225.5   225.9   226.3   226.4   226.5   226.5   226.3   226.0   225.6   225.1   224.6   224.0   223.3   222.7   222.0   221.3
***   235.6   236.8   238.0   239.0   239.9   240.6   241.2   241.5   241.6   241.5   241.2   240.7   240.0   239.1   238.1   236.9   235.7   234.5   233.2   231.9
***   250.3   252.4   254.2   255.9   257.4   258.6   259.5   260.1   260.3   260.1   259.6   258.7   257.5   256.0   254.3   252.5   250.5   248.4   246.3   244.2
***   268.0   271.1   274.1   276.7   279.1   281.0   282.4   283.3   283.6   283.3   282.5   281.1   279.2   276.8   274.2   271.3   268.2   265.0   261.7   258.5
***   289.3   293.9   298.4   302.5   306.2   309.1   311.4   312.8   313.3   312.8   311.4   309.2   306.2   302.6   298.5   294.1   289.4   284.6   279.9   275.2
***   314.9   321.9   328.6   334.9   340.5   345.1   348.7   350.9   351.6   350.9   348.7   345.2   340.6   335.0   328.8   322.1   315.1   308.1   301.2   294.5
***   346.1   356.4   366.5   376.1   384.8   392.1   397.7   401.2   402.4   401.2   397.8   392.2   384.9   376.3   366.7   356.6   346.3   336.1   326.2   316.8
***   383.9   399.2   414.5   429.3   443.0   454.8   463.9   469.7   471.7   469.8   464.0   454.9   443.2   429.5   414.7   399.4   384.2   369.4   355.4   342.4
***   429.9   452.5   475.9   499.2   521.4   541.0   556.5   566.4   569.9   566.5   556.6   541.1   521.6   499.5   476.1   452.7   430.1   408.8   389.1   371.2
***   485.1   518.8   555.0   592.6   629.6   663.6   691.3   709.5   715.9   709.6   691.4   663.8   629.9   592.8   555.3   519.1   485.4   454.7   427.3   403.0
***   550.2   600.4   657.0   718.8   783.2   845.4   898.5   934.8   947.8   934.9   898.7   845.6   783.5   719.2   657.4   600.8   550.6   506.8   469.1   436.8
***   624.0   698.0   786.5   890.1  1006.6  1128.4  1240.6  1322.0  1352.0  1322.1  1240.9  1128.8  1007.0   890.6   787.0   698.5   624.5   563.2   512.6   470.8
***   701.5   807.4   943.4  1117.4  1334.9  1591.7  1860.2  2077.8  2163.7  2078.0  1860.7  1592.2  1335.4  1118.0   944.0   807.9   702.0   619.3   554.0   501.9
***   771.7   914.5  1112.6  1393.5  1797.1  2369.4  3117.9  3881.3  4233.5  3881.7  3118.6  2370.1  1797.9  1394.2  1113.2   915.1   772.3   667.0   587.5   526.2
***   817.8   991.9  1250.2  1654.6  2329.9  3544.6  5860.7  8397.7  8397.7  8397.7  5862.1  3545.8  2331.0  1655.5  1251.0   992.6   818.5   695.9   606.5   539.2
***   822.4  1006.6  1289.4  1756.9  2613.5  4448.7  8397.7  8397.7  8397.7  8397.7  8397.7  4450.3  2614.8  1757.9  1290.3  1007.3   823.1   696.4   605.3   537.6
***   778.9   943.4  1192.5  1595.7  2307.9  3728.2  7073.9  8397.7  8397.7  8397.7  7075.8  3729.7  2309.0  1596.6  1193.4   944.1   779.6   665.2   582.5   520.5
***   697.4   821.4   998.9  1262.8  1669.9  2312.8  3296.2  4515.3  5171.8  4515.9  3297.2  2313.8  1670.8  1263.6   999.6   822.0   698.0   608.3   541.5   490.3
***   598.5   678.7   784.9   926.8  1114.8  1354.3  1627.8  1869.3  1970.0  1869.5  1628.3  1354.9  1115.4   927.4   785.5   679.3   599.0   537.5   489.5   451.4
***   501.1   546.0   600.8   666.8   743.9   828.3   909.9   971.5   994.8   971.7   910.2   828.7   744.3   667.3   601.3   546.5   501.6   464.8   434.4   409.0
***   416.2   436.9   460.0   485.5   512.3   538.6   561.6   577.6   583.4   577.7   561.8   538.9   512.6   485.8   460.4   437.3   416.6   398.3   382.1   367.6
***   347.4   352.9   358.1   363.0   367.4   371.2   374.1   376.0   376.6   376.1   374.3   371.4   367.7   363.3   358.5   353.2   347.7   342.0   336.2   330.2
***   294.1   290.6   286.1   280.8   275.1   269.7   265.2   262.2   261.1   262.2   265.3   269.9   275.4   281.0   286.4   290.9   294.4   296.9   298.2   298.4
***   254.4   245.7   235.9   225.6   215.4   206.2   198.8   194.0   192.3   194.0   198.9   206.4   215.6   225.8   236.2   245.9   254.7   262.2   268.1   272.6
***   226.0   214.3   201.8   189.1   176.9   166.1   157.6   152.1   150.3   152.2   157.7   166.2   177.0   189.3   202.0   214.6   226.3   236.8   245.7   253.0
***   207.1   193.8   179.8   165.9   152.8   141.4   132.6   126.9   125.0   127.0   132.6   141.5   153.0   166.1   180.0   194.0   207.3   219.5   230.2   239.3
***   196.2   182.1   167.5   153.1   139.7   128.0   119.1   113.4   111.4   113.4   119.1   128.2   139.8   153.3   167.7   182.3   196.5   209.5   221.2   231.3
***   192.7   178.3   163.6   149.0   135.5   123.8   114.8   109.1   107.1   109.1   114.9   123.9   135.6   149.2   163.8   178.6   192.9   206.3   218.2   228.6
      81      82      83      84      85      86      87      88      89      90      91      92      93      94      95      96      97      98      99     100
***   156.6   157.7   158.9   160.1   161.3   162.6   163.8   165.1   166.4   167.7   168.9   170.1   171.3   172.4   173.4   174.3   175.1   175.8   176.3   176.6
***   156.7   157.8   158.9   160.1   161.4   162.6   163.9   165.2   166.5   167.8   169.0   170.3   171.4   172.5   173.6   174.5   175.3   176.0   176.5   176.8
***   156.9   158.0   159.2   160.4   161.6   162.9   164.2   165.5   166.8   168.1   169.4   170.6   171.8   173.0   174.0   175.0   175.8   176.6   177.1   177.5
***   157.3   158.4   159.6   160.8   162.0   163.3   164.6   166.0   167.3   168.6   169.9   171.2   172.5   173.6   174.8   175.8   176.7   177.6   178.2   178.8
***   157.8   158.9   160.1   161.3   162.6   163.9   165.3   166.6   168.0   169.3   170.7   172.0   173.3   174.6   175.8   176.9   178.0   178.9   179.7   180.4
***   158.5   159.6   160.8   162.0   163.3   164.7   166.1   167.4   168.9   170.3   171.7   173.1   174.5   175.8   177.1   178.3   179.5   180.6   181.6   182.5
***   159.3   160.4   161.7   162.9   164.3   165.6   167.0   168.5   169.9   171.4   172.9   174.3   175.8   177.2   178.6   180.0   181.3   182.6   183.8   184.9
***   160.3   161.4   162.7   164.0   165.3   166.7   168.2   169.7   171.2   172.7   174.2   175.8   177.3   178.9   180.4   181.9   183.4   184.9   186.3   187.7
***   161.4   162.6   163.9   165.2   166.6   168.0   169.5   171.0   172.6   174.2   175.8   177.4   179.0   180.7   182.4   184.0   185.7   187.3   189.0   190.6
***   162.8   164.0   165.3   166.6   168.0   169.5   171.0   172.5   174.2   175.8   177.5   179.2   180.9   182.7   184.5   186.3   188.1   190.0   191.9   193.8
***   164.3   165.5   166.8   168.2   169.6   171.1   172.7   174.3   175.9   177.6   179.4   181.1   183.0   184.8   186.7   188.7   190.7   192.7   194.8   197.0
***   166.1   167.3   168.6   170.0   171.4   172.9   174.5   176.1   177.8   179.6   181.4   183.2   185.1   187.1   189.1   191.2   193.4   195.6   197.9   200.3
***   168.1   169.3   170.6   172.0   173.5   175.0   176.6   178.2   179.9   181.7   183.6   185.5   187.4   189.5   191.6   193.8   196.1   198.5   200.9   203.6
***   170.4   171.6   172.9   174.3   175.7   177.2   178.8   180.5   182.2   184.0   185.9   187.8   189.9   192.0   194.2   196.4   198.8   201.3   204.0   206.8
***   173.0   174.2   175.4   176.8   178.2   179.7   181.3   183.0   184.7   186.5   188.4   190.3   192.4   194.5   196.8   199.1   201.6   204.2   207.0   209.9
***   175.9   177.1   178.3   179.6   181.0   182.5   184.0   185.7   187.4   189.1   191.0   193.0   195.0   197.2   199.4   201.8   204.4   207.0   209.9   212.9
***   179.3   180.4   181.5   182.8   184.1   185.5   187.0   188.6   190.2   192.0   193.8   195.7   197.8   199.9   202.2   204.6   207.1   209.8   212.7   215.7
***   183.1   184.1   185.2   186.3   187.6   188.9   190.3   191.8   193.4   195.0   196.8   198.6   200.6   202.7   204.9   207.3   209.8   212.5   215.4   218.4
***   187.4   188.3   189.3   190.3   191.5   192.7   193.9   195.3   196.8   198.3   200.0   201.7   203.6   205.6   207.7   210.0   212.5   215.1   217.9   221.0
***   192.4   193.1   193.9   194.8   195.8   196.8   197.9   199.2   200.5   201.9   203.4   205.0   206.7   208.6   210.6   212.8   215.1   217.7   220.4   223.3
***   198.1   198.6   199.2   199.9   200.6   201.5   202.4   203.4   204.5   205.7   207.0   208.4   210.0   211.7   213.5   215.5   217.7   220.1   222.7   225.5
***   204.6   204.9   205.2   205.6   206.1   206.6   207.3   208.0   208.8   209.8   210.9   212.1   213.4   214.9   216.5   218.3   220.3   222.5   224.9   227.6
***   212.1   212.0   212.0   212.0   212.1   212.4   212.7   213.1   213.6   214.3   215.0   215.9   217.0   218.2   219.6   221.1   222.9   224.8   227.0   229.4
***   220.7   220.2   219.7   219.3   219.0   218.7   218.6   218.6   218.8   219.1   219.5   220.0   220.8   221.7   222.7   224.0   225.4   227.1   229.0   231.1
***   230.7   229.5   228.5   227.5   226.6   225.8   225.2   224.7   224.4   224.2   224.2   224.4   224.7   225.2   226.0   226.9   228.0   229.3   230.9   232.7
***   242.2   240.2   238.4   236.7   235.1   233.7   232.5   231.4   230.5   229.8   229.3   229.0   228.9   228.9   229.2   229.8   230.5   231.4   232.6   234.1
***   255.4   252.5   249.6   247.0   244.6   242.4   240.4   238.6   237.0   235.7   234.6   233.8   233.1   232.7   232.6   232.7   233.0   233.5   234.3   235.3
***   270.7   266.4   262.3   258.5   255.0   251.8   248.9   246.3   244.0   242.0   240.2   238.8   237.6   236.6   236.0   235.5   235.4   235.5   235.8   236.5
***   288.1   282.1   276.4   271.2   266.4   262.1   258.1   254.5   251.3   248.5   246.0   243.9   242.1   240.5   239.3   238.4   237.7   237.4   237.2   237.4
***   308.0   299.7   292.1   285.1   278.8   273.0   267.8   263.1   258.9   255.2   251.9   249.1   246.6   244.4   242.6   241.1   240.0   239.1   238.5   238.2
***   330.3   319.2   309.1   300.0   291.8   284.5   277.9   272.0   266.7   262.0   257.9   254.2   251.0   248.2   245.8   243.7   242.0   240.6   239.5   238.8
***   354.9   340.4   327.3   315.7   305.4   296.2   288.1   280.8   274.4   268.7   263.7   259.2   255.2   251.8   248.7   246.1   243.9   241.9   240.4   239.1
***   381.5   362.7   346.2   331.8   319.1   307.9   298.1   289.5   281.9   275.1   269.1   263.9   259.2   255.1   251.4   248.2   245.4   243.0   240.9   239.2
***   409.1   385.4   365.0   347.4   332.2   319.1   307.6   297.5   288.7   281.0   274.1   268.1   262.7   257.9   253.7   249.9   246.6   243.7   241.2   239.0
***   436.0   407.0   382.5   361.8   344.2   329.1   316.0   304.6   294.7   286.1   278.4   271.6   265.6   260.3   255.5   251.2   247.4   244.1   241.1   238.4
***   460.0   425.7   397.5   373.9   354.1   337.3   322.8   310.4   299.6   290.1   281.8   274.4   267.8   262.0   256.7   252.0   247.8   244.0   240.6   237.5
***   478.1   439.6   408.3   382.6   361.2   343.1   327.7   314.4   302.9   292.9   284.1   276.2   269.2   263.0   257.4   252.3   247.7   243.5   239.7   236.3
***   487.4   446.5   413.7   386.8   364.6   346.0   330.1   316.5   304.6   294.3   285.2   277.0   269.8   263.2   257.3   252.0   247.0   242.6   238.4   234.6
***   485.8   445.2   412.6   386.1   364.1   345.6   329.9   316.3   304.5   294.2   285.0   276.8   269.4   262.7   256.6   251.1   245.9   241.2   236.8   232.7
***   472.9   435.3   405.0   380.2   359.5   342.0   327.1   314.1   302.7   292.6   283.6   275.5   268.2   261.5   255.3   249.6   244.3   239.4   234.8   230.4
***   450.1   417.9   391.6   369.8   351.3   335.5   321.9   309.9   299.3   289.7   281.2   273.3   266.2   259.6   253.4   247.7   242.3   237.3   232.5   227.9
***   420.5   395.1   373.8   355.8   340.2   326.7   314.7   304.1   294.5   285.8   277.8   270.4   263.5   257.1   251.1   245.4   240.0   234.9   229.9   225.2
***   387.6   369.3   353.5   339.6   327.3   316.2   306.3   297.1   288.7   281.0   273.7   266.9   260.4   254.3   248.4   242.9   237.5   232.3   227.3   222.4
***   354.7   343.0   332.4   322.6   313.5   305.0   297.1   289.6   282.5   275.7   269.2   263.0   257.0   251.2   245.6   240.2   234.9   229.7   224.6   219.7
***   324.2   318.1   312.0   305.9   299.9   293.8   287.8   281.9   276.1   270.3   264.6   259.1   253.5   248.1   242.8   237.5   232.3   227.1   222.0   217.0
***   297.6   296.0   293.7   290.7   287.2   283.3   279.1   274.6   270.0   265.2   260.3   255.3   250.2   245.2   240.1   235.0   229.9   224.8   219.6   214.5
***   275.7   277.4   278.0   277.6   276.2   274.1   271.4   268.2   264.5   260.5   256.3   251.9   247.2   242.5   237.6   232.7   227.7   222.6   217.5   212.4
***   258.7   262.9   265.6   267.0   267.3   266.6   265.0   262.8   260.0   256.7   253.0   249.0   244.7   240.3   235.6   230.8   225.9   220.9   215.8   210.6
***   246.7   252.5   256.6   259.3   260.7   261.0   260.3   258.8   256.6   253.8   250.5   246.8   242.8   238.6   234.1   229.4   224.6   219.6   214.5   209.3
***   239.6   246.2   251.2   254.6   256.7   257.6   257.4   256.3   254.5   252.0   249.0   245.5   241.7   237.5   233.1   228.5   223.7   218.8   213.7   208.5
***   237.2   244.1   249.4   253.1   255.4   256.5   256.4   255.5   253.8   251.4   248.5   245.1   241.3   237.2   232.8   228.2   223.5   218.5   213.4   208.2
     101     102     103     104     105     106     107     108     109     110     111     112     113     114     115     116     117     118     119     120
***   176.6   176.5   176.0   175.3   174.2   172.7   170.7   168.3   165.3   161.7   157.4   152.5   146.9   140.5   133.3   125.5   117.0   107.9    98.3    88.4
***   176.9   176.8   176.4   175.7   174.6   173.2   171.3   168.9   166.0   162.4   158.3   153.5   147.9   141.6   134.5   126.8   118.3   109.2    99.6    89.7
***   177.8   177.7   177.4   176.8   175.9   174.6   172.9   170.7   168.0   164.8   160.9   156.3   151.0   145.0   138.2   130.6   122.3   113.3   103.8    93.8
***   179.1   179.2   179.1   178.8   178.1   177.0   175.6   173.8   171.5   168.6   165.2   161.1   156.3   150.7   144.4   137.3   129.3   120.5   111.0   101.0
***   181.0   181.3   181.4   181.4   181.0   180.3   179.4   178.0   176.2   173.9   171.2   167.8   163.7   159.0   153.4   147.0   139.7   131.4   122.2   112.1
***   183.3   183.9   184.3   184.6   184.6   184.4   184.0   183.2   182.1   180.7   178.8   176.4   173.4   169.8   165.4   160.2   154.0   146.7   138.2   128.4
***   186.0   186.9   187.7   188.4   188.9   189.2   189.4   189.4   189.1   188.6   187.8   186.7   185.2   183.2   180.6   177.3   173.0   167.6   160.8   152.1
***   189.0   190.2   191.4   192.6   193.6   194.6   195.5   196.3   197.0   197.6   198.1   198.6   198.9   199.0   198.9   198.5   197.5   195.6   192.2   186.7
***   192.2   193.9   195.5   197.1   198.7   200.3   201.9   203.6   205.3   207.2   209.2   211.4   213.9   216.7   219.9   223.5   227.5   231.6   235.3   237.5
***   195.7   197.7   199.7   201.7   203.9   206.1   208.5   211.1   213.9   217.0   220.5   224.6   229.4   235.2   242.2   250.9   261.7   275.1   291.5   310.6
***   199.2   201.5   203.9   206.5   209.1   212.0   215.1   218.5   222.3   226.5   231.5   237.3   244.2   252.8   263.6   277.5   296.0   321.2   356.2   406.1
***   202.8   205.4   208.2   211.1   214.3   217.7   221.4   225.5   230.1   235.3   241.3   248.5   257.1   267.7   281.3   299.0   323.3   358.1   410.7   496.3
***   206.3   209.2   212.3   215.6   219.1   223.0   227.2   231.9   237.1   243.0   249.8   257.7   267.1   278.5   292.9   311.5   336.6   372.4   426.7   517.3
***   209.7   212.8   216.2   219.8   223.7   227.9   232.5   237.5   243.2   249.5   256.6   264.7   274.0   285.0   298.2   314.2   334.6   361.2   397.7   450.8
***   213.0   216.3   219.9   223.7   227.8   232.3   237.2   242.5   248.3   254.8   261.9   269.8   278.6   288.3   299.0   310.7   323.3   336.6   349.8   361.1
***   216.1   219.6   223.3   227.2   231.5   236.2   241.3   246.8   252.8   259.3   266.3   273.9   281.9   290.2   298.5   306.1   312.1   314.7   311.3   298.3
***   219.0   222.6   226.4   230.4   234.9   239.7   244.8   250.5   256.5   263.1   270.1   277.5   285.1   292.7   299.7   305.2   307.8   305.4   294.9   273.0
***   221.7   225.3   229.1   233.3   237.8   242.6   247.9   253.6   259.8   266.4   273.6   281.1   288.9   296.7   304.0   310.1   313.6   312.6   304.2   284.7
***   224.3   227.8   231.6   235.8   240.3   245.2   250.5   256.2   262.5   269.3   276.7   284.6   293.1   302.0   311.2   320.4   328.9   335.7   338.9   335.3
***   226.5   230.0   233.8   237.9   242.3   247.2   252.5   258.2   264.6   271.5   279.2   287.6   297.0   307.5   319.3   332.9   348.9   368.2   392.3   423.3
***   228.6   231.9   235.6   239.6   243.9   248.7   253.9   259.6   265.9   272.9   280.7   289.5   299.5   311.2   325.2   342.5   365.1   396.2   442.4   517.3
***   230.4   233.6   237.1   240.9   245.1   249.6   254.7   260.2   266.4   273.2   280.9   289.6   299.7   311.6   326.1   344.5   369.0   403.7   456.6   545.1
***   232.1   235.0   238.3   241.8   245.7   250.1   254.8   260.1   266.0   272.4   279.7   287.9   297.3   308.3   321.4   337.5   358.2   386.0   425.3   483.8
***   233.5   236.2   239.1   242.4   246.0   250.0   254.5   259.4   264.8   270.7   277.3   284.7   292.8   302.0   312.4   324.2   337.8   353.7   372.2   393.2
***   234.7   237.1   239.7   242.7   245.9   249.6   253.6   258.1   263.0   268.3   274.2   280.5   287.3   294.5   302.0   309.4   316.2   321.4   323.6   320.5
***   235.8   237.8   240.0   242.6   245.5   248.8   252.4   256.4   260.8   265.5   270.7   276.2   281.9   287.6   292.9   297.3   299.7   298.6   292.0   277.3
***   236.7   238.3   240.1   242.3   244.8   247.7   250.8   254.4   258.3   262.6   267.2   272.1   277.1   282.1   286.7   290.1   291.5   289.1   280.8   263.6
***   237.4   238.5   240.0   241.8   243.9   246.3   249.0   252.1   255.6   259.5   263.8   268.4   273.2   278.3   283.3   287.9   291.4   292.7   290.0   280.3
***   237.9   238.6   239.6   241.0   242.6   244.6   246.9   249.6   252.7   256.3   260.2   264.7   269.7   275.3   281.5   288.4   296.2   304.9   314.8   325.9
***   238.2   238.5   239.1   240.0   241.2   242.7   244.6   246.9   249.5   252.7   256.4   260.7   265.7   271.8   279.0   288.1   299.9   316.1   340.0   378.4
***   238.3   238.1   238.2   238.7   239.4   240.5   241.9   243.7   246.0   248.7   252.0   255.9   260.7   266.6   274.1   283.7   296.8   315.6   344.1   391.2
***   238.2   237.5   237.2   237.1   237.4   238.0   238.9   240.3   242.0   244.2   246.9   250.2   254.4   259.5   266.0   274.3   285.3   300.3   321.5   352.7
***   237.8   236.6   235.8   235.3   235.1   235.2   235.7   236.5   237.6   239.2   241.2   243.8   247.0   250.9   255.6   261.3   268.3   276.8   286.9   298.4
***   237.1   235.5   234.2   233.2   232.6   232.2   232.1   232.4   233.0   233.9   235.3   237.0   239.2   241.7   244.7   247.8   251.1   253.9   255.5   254.7
***   236.1   234.1   232.3   230.9   229.8   228.9   228.4   228.1   228.2   228.5   229.2   230.3   231.6   233.1   234.8   236.2   237.2   236.9   234.4   228.3
***   234.8   232.3   230.2   228.3   226.7   225.4   224.4   223.7   223.2   223.1   223.2   223.7   224.5   225.5   226.6   227.7   228.4   228.0   225.7   220.2
***   233.1   230.3   227.7   225.5   223.5   221.7   220.2   219.0   218.2   217.6   217.3   217.4   217.9   218.8   220.2   221.9   224.1   226.5   228.9   230.7
***   231.2   228.0   225.0   222.4   219.9   217.8   215.9   214.2   212.9   211.9   211.3   211.1   211.5   212.5   214.3   217.2   221.8   228.7   239.4   256.3
***   228.9   225.4   222.1   219.0   216.2   213.6   211.3   209.2   207.5   206.0   205.0   204.5   204.6   205.5   207.5   211.3   217.6   228.0   245.7   277.5
***   226.3   222.5   218.9   215.5   212.3   209.3   206.5   204.0   201.7   199.8   198.3   197.2   196.8   197.2   198.8   202.2   208.2   218.4   235.9   266.6
***   223.6   219.5   215.5   211.8   208.2   204.8   201.6   198.5   195.8   193.2   191.1   189.3   188.1   187.5   188.0   189.8   193.5   200.0   210.6   227.4
***   220.7   216.3   212.1   208.0   204.0   200.2   196.5   193.0   189.6   186.5   183.6   180.9   178.7   176.9   175.7   175.2   175.8   177.5   180.6   184.8
***   217.7   213.1   208.6   204.2   199.9   195.6   191.5   187.5   183.5   179.7   176.0   172.5   169.1   166.0   163.1   160.4   158.0   155.8   153.5   150.7
***   214.8   210.0   205.2   200.5   195.8   191.2   186.7   182.1   177.6   173.1   168.7   164.3   159.9   155.5   151.1   146.7   142.1   137.2   131.9   125.8
***   212.0   207.0   202.0   197.0   192.1   187.1   182.1   177.1   172.1   167.0   161.9   156.7   151.4   146.0   140.5   134.7   128.7   122.3   115.4   107.9
***   209.4   204.3   199.1   193.9   188.7   183.4   178.1   172.7   167.2   161.6   155.9   150.1   144.1   137.9   131.5   124.9   117.9   110.7   103.0    95.0
***   207.2   201.9   196.6   191.2   185.8   180.2   174.6   168.8   163.0   157.0   150.8   144.5   138.0   131.3   124.3   117.1   109.6   101.9    93.9    85.7
***   205.3   200.0   194.6   189.0   183.4   177.7   171.8   165.8   159.6   153.3   146.8   140.1   133.2   126.1   118.8   111.2   103.4    95.4    87.3    79.1
***   204.0   198.6   193.1   187.4   181.7   175.8   169.7   163.5   157.2   150.7   143.9   137.0   129.8   122.5   114.9   107.1    99.2    91.1    82.9    74.8
***   203.2   197.7   192.1   186.4   180.6   174.6   168.5   162.2   155.7   149.0   142.2   135.1   127.8   120.3   112.6   104.7    96.7    88.6    80.4    72.3
***   202.9   197.4   191.8   186.1   180.2   174.2   168.1   161.7   155.2   148.5   141.6   134.5   127.1   119.6   111.9   103.9    95.9    87.7    79.6    71.4
     121     122     123     124     125     126     127     128     129     130     131     132     133     134     135     136     137
***    78.4    68.5    58.9    49.8    41.3    33.6    26.8    20.9    15.8    11.6     8.2     5.5     3.4     1.9      .8      .2      .0
***    79.7    69.7    60.0    50.8    42.2    34.4    27.5    21.4    16.3    12.1     8.7     5.9     3.8     2.3     1.2      .6      .4
***    83.6    73.3    63.3    53.7    44.8    36.7    29.4    23.2    17.9    13.5    10.0     7.2     5.1     3.5     2.4     1.8     1.6
***    90.5    79.8    69.2    59.0    49.4    40.6    32.9    26.1    20.5    15.8    12.1     9.2     7.0     5.4     4.3     3.7     3.5
***   101.3    90.0    78.6    67.3    56.6    46.7    38.0    30.4    24.1    19.0    15.0    11.8     9.5     7.8     6.6     6.0     5.8
***   117.4   105.4    92.8    79.9    67.3    55.6    45.2    36.2    28.8    22.9    18.3    14.8    12.2    10.3     9.1     8.4     8.2
***   141.5   129.0   114.6    99.2    83.5    68.6    55.2    43.8    34.6    27.3    21.8    17.7    14.7    12.7    11.3    10.5    10.3
***   178.3   166.1   150.0   130.5   109.3    88.3    69.4    53.7    41.3    32.0    25.1    20.2    16.7    14.3    12.8    11.9    11.6
***   236.2   228.8   212.6   186.9   154.4   120.5    90.4    66.4    48.8    36.3    27.6    21.7    17.6    14.9    13.2    12.3    12.0
***   330.0   343.7   340.0   307.0   246.9   179.2   122.5    82.3    56.0    39.2    28.4    21.5    17.1    14.2    12.4    11.4    11.1
***   477.0   571.1   662.6   658.8   497.7   301.6   170.5    98.6    60.2    39.1    26.8    19.5    15.0    12.1    10.4     9.5     9.2
***   650.3   967.3   698.7   698.7   698.7   698.7   219.3   104.5    57.1    34.5    22.6    15.8    11.8     9.3     7.7     6.9     6.7
***   689.4  1095.5   698.7   698.7   698.7   698.7   192.5    84.2    44.0    26.0    16.7    11.5     8.3     6.3     5.1     4.4     4.2
***   532.1   660.1   832.8   698.7   698.7   228.8    98.7    48.2    26.8    16.6    11.0     7.6     5.4     3.9     2.9     2.4     2.2
***   366.1   355.8   315.3   236.9   144.1    74.8    37.7    20.9    13.3     9.3     6.8     5.0     3.5     2.4     1.6     1.1     1.0
***   271.5   228.0   170.0   108.1    57.3    26.0    11.7     6.8     5.6     5.1     4.5     3.6     2.7     1.8     1.1      .7      .5
***   236.8   186.8   128.9    74.3    33.7    11.1     2.5     1.3     2.5     3.5     3.8     3.4     2.7     2.0     1.4      .9      .8
***   250.8   201.6   141.9    83.3    38.6    13.4     3.7     2.2     3.2     4.2     4.6     4.2     3.6     2.9     2.3     1.9     1.7
***   320.0   286.0   228.3   153.5    84.0    39.2    18.4    11.1     8.9     8.0     7.3     6.4     5.5     4.7     4.0     3.6     3.4
***   463.3   509.2   533.4   459.4   278.4   131.7    62.2    33.8    21.8    16.0    12.7    10.4     8.8     7.6     6.7     6.2     6.1
***   654.0   949.0   668.6   668.6   668.6   668.6   153.8    73.2    42.4    28.3    20.9    16.5    13.7    11.8    10.6    10.0     9.7
***   713.2  1101.3   668.6   668.6   668.6   668.6   226.5   108.8    63.0    41.7    30.4    23.8    19.7    17.2    15.5    14.7    14.4
***   574.7   716.2   900.0   668.6   687.4   371.5   196.8   113.7    72.7    50.9    38.4    30.9    26.1    23.0    21.0    20.0    19.6
***   414.7   429.9   423.3   376.5   293.1   205.8   139.5    96.6    70.1    53.6    43.1    36.2    31.6    28.5    26.5    25.4    25.0
***   309.1   286.4   251.4   207.5   162.4   123.8    94.9    74.8    60.9    51.2    44.3    39.3    35.7    33.1    31.4    30.4    30.1
***   252.4   217.1   175.0   133.2    99.0    76.0    62.5    54.9    50.1    46.5    43.4    40.8    38.6    36.8    35.6    34.8    34.6
***   234.8   193.6   144.1    96.3    61.3    43.3    38.1    38.8    40.8    42.0    42.2    41.7    40.9    40.0    39.2    38.7    38.5
***   258.9   220.0   160.9    92.9    41.9    21.8    22.5    29.8    36.4    40.7    42.8    43.5    43.4    43.0    42.6    42.3    42.2
***   336.9   341.5   315.2   297.6    82.9    31.0    28.1    35.2    41.3    44.9    46.6    47.1    46.9    46.5    46.0    45.7    45.6
***   448.6   602.9   297.6   297.6   297.6   297.6    83.0    63.7    57.9    55.5    53.8    52.4    51.2    50.2    49.4    48.9    48.8
***   478.3   668.1   297.6   297.6   297.6   297.6   155.1   100.6    78.9    68.3    62.2    58.3    55.6    53.7    52.5    51.7    51.5
***   399.1   465.4   537.7   539.8   408.4   256.9   164.6   116.8    91.6    77.3    68.5    62.8    59.0    56.4    54.7    53.7    53.4
***   310.0   317.2   311.6   283.9   236.0   184.0   141.8   112.2    92.6    79.6    70.8    64.7    60.4    57.4    55.5    54.4    54.1
***   249.8   238.9   220.6   195.7   167.6   140.7   117.9   100.0    86.5    76.5    69.1    63.6    59.6    56.7    54.8    53.7    53.4
***   217.4   201.0   179.7   156.2   133.6   114.4    99.2    87.3    78.0    70.6    64.9    60.4    56.9    54.4    52.7    51.6    51.3
***   209.8   193.2   170.5   144.4   119.9   100.5    86.7    76.9    69.7    64.1    59.5    55.9    53.0    50.9    49.4    48.5    48.2
***   230.4   224.6   207.5   175.1   135.4   103.1    82.9    71.1    63.6    58.3    54.3    51.1    48.6    46.7    45.4    44.7    44.4
***   284.1   329.8   392.8   274.0   274.0   149.0    95.1    72.3    61.0    54.4    49.9    46.7    44.3    42.5    41.3    40.6    40.4
***   341.1   496.2   274.0   274.0   274.0   274.0   124.3    79.6    61.5    52.2    46.6    42.9    40.3    38.5    37.3    36.5    36.3
***   324.8   448.4   274.0   274.0   274.0   274.0   131.5    82.9    61.6    50.5    43.9    39.6    36.7    34.7    33.4    32.7    32.4
***   253.0   288.3   322.6   317.9   248.6   165.0   108.4    76.3    58.2    47.5    40.8    36.3    33.2    31.1    29.7    29.0    28.7
***   189.4   191.7   186.9   170.0   141.9   110.8    84.4    65.2    52.0    43.0    36.9    32.6    29.5    27.4    26.0    25.2    25.0
***   146.6   140.0   129.9   115.9    99.2    82.1    66.8    54.3    44.8    37.6    32.3    28.4    25.6    23.6    22.2    21.4    21.2
***   118.6   109.9    99.8    88.3    76.3    64.7    54.1    45.1    37.8    32.0    27.5    24.0    21.4    19.6    18.3    17.6    17.3
***    99.7    90.8    81.4    71.6    62.0    52.9    44.7    37.6    31.6    26.7    22.8    19.7    17.3    15.6    14.4    13.7    13.5
***    86.6    77.9    69.2    60.6    52.3    44.5    37.6    31.5    26.3    22.0    18.5    15.6    13.4    11.8    10.7    10.0     9.8
***    77.4    69.0    60.8    52.9    45.4    38.4    32.2    26.7    22.0    18.0    14.7    12.1    10.0     8.4     7.3     6.7     6.5
***    70.9    62.8    55.0    47.5    40.5    34.0    28.2    23.1    18.7    14.9    11.8     9.2     7.2     5.7     4.6     4.0     3.7
***    66.7    58.8    51.2    43.9    37.2    31.1    25.5    20.6    16.3    12.7     9.6     7.1     5.1     3.6     2.5     1.9     1.7
***    64.2    56.4    49.0    41.9    35.3    29.3    23.9    19.1    14.9    11.3     8.3     5.8     3.8     2.3     1.3      .6      .4
***    63.4    55.7    48.3    41.2    34.7    28.7    23.4    18.6    14.4    10.8     7.8     5.4     3.4     1.9      .8      .2      .0
