20. 54. 1.4 20 0.25 7.
-7. 3.
-7. 11.
0. 7.
7. 3.
7. 11.
0. 23.
-7. 19.
0. 15.
7. 19.
-7. 35.
-7. 27.
0. 31.
7. 35.
7. 27.
0. 39.
0. 47.
-7. 43.
7. 43. 
-7. 51
7. 51.
16
1 2 2 3 3 4 6 7 7 8 10 11 11 12 12 13 15 16 16 17 16 19 2 5 7 9 11 14 17 18 19 20
0.02 500. 5 130. 100000. 130. 100000. 130. 73000.
14 16
1 1 1 -0.5
1 2 1 -0.866
2 1 1 -0.5
2 2 1 0.866
3 1 1 1.
4 1 2 -0.5
4 2 2 -0.866
5 1 2 -0.5
5 2 2 0.866
6 1 3 0.5
6 2 3 -0.866
7 1 3 0.5
7 2 3 0.866
8 1 3 -1.
1 1 1 1 -1.
1 1 4 1 -1.
1 1 2 1 -0.5
1 1 2 2 0.866
1 1 5 1 -0.5
1 1 5 2 0.866
2 2 6 1 -1.
2 2 7 1 -0.5
2 2 9 1 -0.5
2 2 7 2 0.866
2 2 9 2 0.866
3 3 10 1 1.
3 3 13 1 1.
3 3 11 1 0.5
3 3 14 1 0.5
3 3 11 2 0.866
3 3 14 2 0.866