12. 60. 2. 14 0.25 13.
-1. 3.
-1. 12.
-1. 21.
-1. 30.
-1. 39.
-1. 48.
-1. 57.
1.5 3.
1.5 12.
1.5 21.
1.5 30.
1.5 39.
1.5 48.
1.5 57.
13
8 9 9 10 10 11 11 12 12 13 13 14 1 8 2 9 3 10 4 11 5 12 6 13 7 14
0.02 1000. 2 200. 650000. 20. 550000.
22 21
1 1 1 -0.5
1 2 1 -0.87
2 1 1 -0.5 
2 2 1 0.87
3 1 1 1.
4 1 1 -0.5
4 2 1 -0.87
5 1 1 -0.5
5 2 1 0.87
6 1 1 1.
7 1 2 -0.87
7 2 2 -0.5
8 2 2 0.87
9 1 2 0.87
9 2 2 -0.5
10 1 2 -0.87
10 2 2 -0.5
11 2 2 0.87
12 1 2 0.87
12 2 2 -0.5
13 1 2 -0.87
13 2 2 -0.5
1 1 1 1 -1. 
1 2 1 1 -1.73
1 1 4 1 -1.
1 2 4 1 -1.73
1 1 7 1 -1.
1 2 7 1 -1.73
1 1 2 1 -0.5
1 1 5 1 -0.5
1 2 2 1 -0.87
1 2 5 1 -0.87
1 1 2 2 0.87
1 1 5 2 0.87
1 2 2 2 1.5
1 2 5 2 1.5 
2 1 8 1 -1.
2 1 11 1 -1.
2 1 14 1 -1. 
2 1 9 1 -0.5
2 1 12 1 -0.5
2 1 9 2 0.87
2 1 12 2 0.87