71. 121. 0.3 10 0.25 5.
-24. 82.
-8. 82.
8. 82.
24. 82.
-20. 116.
20. 116.
-22. 35
-22. 10.
22. 10.
22. 35.
7
1 2 2 3 3 4 5 6 7 8 8 9 9 10 
0.02 500. 5 100. 350000. 100. 80000. 100. 50000. 100. 50000. 100. 50000.
12 13
1 1 1 -0.5 
1 2 1 -0.866
2 1 1 -0.5
2 2 1 0.866 
3 1 1 1.
4 1 2 -0.5
4 2 2 0.866
5 1 3 -0.5
5 2 3 -0.866
6 1 4 -0.5
6 2 4 0.866
7 1 5 1.
1 1 1 1 -1.
1 1 4 1 -1.
1 1 2 1 -0.5
1 1 2 2 0.866
2 2 5 1 -0.5
2 2 5 2 0.866
3 3 7 1 -0.5
3 3 7 2 -0.866
4 4 8 1 -0.5
4 4 8 2 0.866
4 4 7 1 -0.5
4 4 7 2 0.866
5 5 10 1 -1.
