80. 128. 0.4 14 0.25 7.
-13. 9.
-19.25 24.5
-16. 41.
-23. 58.5
13. 9.
19.25 24.5
16. 41.
23. 58.5
-32. 74.
0. 77.5
32. 74.
-17.5 86.
0. 94.
17.5 86.
12
2 1 1 8 8 7 9 12 12 10 2 4 4 6 1 3 3 5 9 11 12 13 10 14
0.02 500. 3 100. 800000. 100. 100000. 100. 600000.
10 17
1 1 1 -0.5
1 2 1 -0.866
2 1 1 -0.5
2 2 1 0.866
3 1 2 0.866
3 2 2 -0.5
1 4 3 -0.5
4 2 3 -0.866
5 1 3 -0.5
5 2 3 0.866
1 1 2 1 -1.
1 1 4 1 -1.
1 1 6 1 -1.
1 1 1 1 -0.5
1 1 3 1 -0.5
1 1 5 1 -0.5
1 1 1 2 0.866
1 1 3 2 0.866
1 1 5 2 0.866
2 2 8 1 0.866
2 2 8 2 -0.5
3 3 9 1 -1.
3 3 11 1 -1.
3 3 12 1 -0.5
3 3 13 1 -0.5
3 3 12 2 0.866
3 3 13 2 0.866     