60. 119. 0.3 13 0.25 6.
-25. 5.5
25. 5.5
-15. 9.5
15. 9.5
-15. 39.5
15. 39.5
-20. 69.5
-10. 69.5
0. 69.5
10. 69.5
20. 69.5
-16. 115.
16. 115.
9
1 3 2 4 6 3 5 4 7 8 8 9 12 13 7 10 8 11
0.02 500. 6 100. 50000. 100. 50000. 100. 75000. 100. 75000. 
100. 100000. 100. 30000.
11 16
1 1 1 0.5
1 2 1 -0.866
2 2 2 -1.
3 1 3 -0.5
3 2 3 -0.866
4 1 4 0.866
4 2 4 -0.5
5 1 5 1.
6 1 5 -0.5
6 2 5 -0.866
7 1 6 1.
1 1 1 1 0.5
1 1 1 2 -0.866
2 2 2 2 -1.
3 3 6 1 -0.5
3 3 6 2 -0.866
4 4 5 1 0.866
4 4 5 2 -0.5
5 5 7 1 0.5
5 5 7 2 -0.866
5 5 10 1 0.5
5 5 10 2 -0.866
5 5 8 1 -0.5
5 5 11 1 -0.5
5 5 8 2 -0.866
5 5 11 2 -0.866
6 6 12 1 1.