54. 80. 2. 14 0.25 4.
-22. 5.
-22. 15.
22. 5.
22. 15.
-10. 10.
10. 10.
-10. 27.5
10. 27.5
-10. 45.
10. 45.
-19.5 62.5
-6.5 62.5
6.5 62.5
19.5 62.5
8
1 2 3 4 5 6 7 8 9 10 11 12 12 13 11 14
0.02 500. 6 100. 100000. 100. 100000. 100. 120000. 100. 120000
100. 120000. 100. 150000.
14 14
1 1 1 -0.5
1 2 1 -0.866
2 1 2 -0.5
2 2 2 -0.866
3 1 3 -0.5
3 2 3 0.866
4 1 4 -0.5
4 2 4 0.866
5 1 5 -0.5
5 2 5 0.866
6 1 6 -0.5
6 2 6 -0.866
7 1 6 -0.5
7 2 6 0.866
1 1 1 1 -0.5
1 1 1 2 -0.866
2 2 3 1 -0.5
2 2 3 2 -0.866
3 3 5 1 -0.5
3 3 5 2 0.866
4 4 7 1 -0.5
4 4 7 2 0.866
5 5 9 1 -0.5
5 5 9 2 0.866
6 6 11 1 -1.
6 6 14 1 -1.
6 6 12 1 -0.5
6 6 12 2 0.866