71. 121. 0.3 12 0.25 5.
-24. 70.
-8. 70.
8. 70.
24. 70.
-20. 116.
20. 116.
-20. 35
-10. 22.5
-20. 10.
20. 35.
10. 22.5
20. 10.
8
1 2 2 3 3 4 5 6 7 8 8 9 10 11 11 12
0.02 500. 6 100. 200000. 100. 80000. 100. 50000. 100. 50000. 100. 50000. 100. 50000.
14 13
1 1 1 -0.5 
1 2 1 -0.866
2 1 1 -0.5
2 2 1 0.866 
3 1 1 1.
4 1 2 -0.5
4 2 2 0.866
5 1 3 -0.5
5 2 3 -0.866
6 1 4 -0.5
6 2 4 0.866
7 1 5 1.
8 1 6 -0.5
8 2 6 -0.866
1 1 1 1 -1.
1 1 4 1 -1.
1 1 2 1 -0.5
1 1 2 2 0.866
2 2 5 1 -0.5
2 2 5 2 0.866
3 3 7 1 -0.5
3 3 7 2 -0.866
4 4 9 1 0.5
4 4 9 2 -0.866
5 5 10 1 1.
6 6 12 1 0.5
6 6 12 2 0.866