 80. 128. 0.4 17 0.25 7.
 -13. 9.
 13. 9.
 -19.25 24.5
 19.25 24.5 
 -16. 41.
 16. 41.
 -23. 58.5
 23. 58.5
 -32. 74.
 0. 77.5
 32. 74.
 -17.5 86.
 0. 94.
 17.5 86.
 0. 112.
 -25. 117.
 25. 117.
 14
 1 2 2 4 10 9 9 11 16 15 15 17 1 6 1 7 2 3 2 8 5 4 10 13 9 14 12 11 
 0.02 1000. 3 100. 800000. 100. 600000. 100. 100000. 
 10 18
 1 1 1 -0.5
 1 2 1 -0.866
 2 1 1 -0.5
 2 2 1 0.866
 3 1 2 1.
 4 1 2 -0.5
 4 2 2 -0.866
 5 1 3 -0.5
 5 2 3 0.866
 6 1 3 1.
 1 1 1 1 -1.
 1 1 6 1 -1.
 1 1 7 1 -1.
 1 1 2 1 -0.5
 1 1 3 1 -0.5
 1 1 8 1 -0.5
 1 1 2 2 0.866
 1 1 3 2 0.866
 1 1 8 2 0.866
 2 2 10 1 -1.
 2 2 13 1 -1.
 2 2 9 1 -0.5
 2 2 14 1 -0.5
 2 2 9 2 0.866
 2 2 14 2 0.866
 3 3 16 1 -1.
 3 3 15 1 -0.5
 3 3 15 2 0.866