85. 126. 0.4 13 0. 0.
-27.5 15.
0. 15.
27.5 15.
-27.5 40.
0. 40.
27.5 40.
-27.5 65.
0. 65.
27.5 65.
-32.5 116.
-10.5 116.
10.5 116.
32.5 116.
9
1 2 2 3 4 5 5 6 7 8 8 9 10 11 11 12 12 13
0.02 500. 7 100. 50000. 100. 50000. 100. 50000. 100. 50000. 100. 80000. 100. 80000. 100. 90000.
17 16
1 1 1 -0.5
1 2 1 -0.866
2 1 2 -0.5
2 2 2 0.866
3 1 3 -0.5
3 2 3 -0.866
4 1 4 -0.5
4 2 4 0.866
5 1 5 -0.5
5 2 5 -0.866
6 1 6 -0.5
6 2 6 0.866
7 1 7 -0.5
7 2 7 -0.866
8 1 7 -0.5
8 2 7 0.866
9 1 7 1.
1 1 1 1 -0.5
1 1 1 2 -0.866
2 2 3 1 0.5
2 2 3 2 -0.866
3 3 4 1 -0.5
3 3 4 2 -0.866
4 4 6 1 0.5
4 4 6 2 -0.866
5 5 7 1 -0.5
5 5 7 2 -0.866
6 6 9 1 0.5
6 6 9 2 -0.866
7 7 10 1 -1.
7 7 13 1 -1.
7 7 11 1 -0.5
7 7 11 2 0.866