54. 100. 0.3 13 0.25 5.
-24. 17.3
24. 17.3
-24. 37.3
24. 37.3
-18. 55.9
-9. 55.9
0. 55.9
9. 55.9
18. 55.9
-18.1  97.
18.1  97.
-10. 3.
10. 3.
10
1 2 2 12 5 6 6 7 7 8 8 9 10 11 1 3 2 4 12 13
0.02 1000. 8 100. 60000. 100. 60000. 100. 60000. 
100. 40000. 100. 40000. 100. 40000. 100. 40000. 100. 80000.
14 23
1 1 1 -0.866
1 2 1 -0.5
1 1 2 -0.866
1 2 2 0.5
2 1 2 0.866
2 2 2 -0.5
2 2 3 -1.
3 1 4 -1.
4 1 5 0.5
4 2 5 -0.866
5 1 6 0.5
5 2 6 0.866
6 1 7 -1.
7 1 8 -1.
1 1 1 1 -0.866
1 1 3 1 -0.866
1 1 1 2 -0.5
1 1 3 2 -0.5
2 2 2 1 0.866
2 2 4 1 0.866
2 2 2 2 -0.5
2 2 4 2 -0.5
3 3 12 2 1.
3 3 13 2 1.
4 4 5 1 -1.
5 5 6 1 0.5
5 5 6 2 -0.866
5 5 5 1 0.5
5 5 5 2 -0.866
6 6 7 1 0.5
6 6 7 2 0.866
6 6 6 1 0.5
6 6 6 2 0.866
6 6 5 1 0.5
6 6 5 2 0.866
7 7 9 1 1.
8 8 10 1 -1.