36. 60. 0.3 16 0.25 8.
-15. 3.
-5. 3.
5. 3.
15. 3.
-15. 21.
-5. 21.
5. 21.
15. 21.
-15. 39.
-5. 39.
5. 39.
15. 39.
-15. 57.
-5. 57.
5. 57. 
15. 57.
12
1 5 5 9 9 13 2 6 6 10 10 14 3 7 7 11 11 15 4 8 8 12 12 16 
0.02 1000. 4 110. 900000. 110. 900000. 110. 900000. 110. 900000.
20  19
1 1 1 -0.5
1 2 1 -0.866
2 1 1 -0.5
2 2 1 0.866
3 1 1 1.
4 1 2 -0.5
4 2 2 0.866
5 1 2 1.
6 1 2 -0.5
6 2 2 -0.866
7 1 3 1.
8 1 3 -0.5
8 2 3 -0.866
9 1 3 -0.5
9 2 3 0.866
10 1 4 -0.5
10 2 4 -0.866
11 1 4 -0.5
11 2 4 0.866
12 1 4 1.
1 1 1 1 -1.
1 1 13 1 -1.
1 1 5 1 -0.5
1 1 5 2 0.866
2 2 2 1 0.5
2 2 14 1 0.5
2 2 2 2 0.866
2 2 14 2 0.866
2 2 6 1 1.
3 3 3 1 0.5
3 3 3 2 -0.866
3 3 15 1 0.5
3 3 15 2 -0.866
3 3 7 1 -0.5
3 3 7 2 -0.866
4 4 4 1 -1.
4 4 16 1 -1.
4 4 8 1 -0.5
4 4 8 2 0.866