35. 58. 1.6 10 0.25 8.
-10. 7.5
10. 7.5
0. 15.5
-10. 24.
10. 24.
-10. 34.
10. 34.
0. 42.5
-10. 50.5
10. 50.5
8
1 3 3 2 7 8 8 6 1 5 2 4 7 9 6 10
0.02 500. 2 100. 750000. 100. 750000.
8 16
1 1 1 -0.5
1 2 1 -0.866
2 1 1 -0.5
2 2 1 0.866
3 1 2 -0.5
3 2 2 -0.866
4 1 2 -0.5
4 2 2 0.866
1 1 1 1 -0.5
1 1 5 1 -0.5
1 1 1 2 -0.866
1 1 5 2 -0.866
1 1 2 1 0.5
1 1 4 1 0.5
1 1 2 2 -0.866
1 1 4 2 -0.866
2 2 7 1 -0.5
2 2 9 1 -0.5
2 2 7 2 -0.866
2 2 9 2 -0.866
2 2 6 1 0.5
2 2 10 1 0.5
2 2 6 2 -0.866
2 2 10 2 -0.866