12. 60. 2. 12 0.25 13.
-1. 2.5
-1. 13.5
-1. 24.5
-1. 35.5
-1. 46.5
-1. 57.5
1.5 2.5
1.5 13.5
1.5 24.5
1.5 35.5
1.5 46.5
1.5 57.5
11
7 8 8 9 9 10 10 11 11 12 1 7 2 8 3 9 4 10 5 11 6 12
0.02 1000. 2 200. 650000. 20. 550000.
19 18
1 1 1 -0.5
1 2 1 -0.87
2 1 1 -0.5 
2 2 1 0.87
3 1 1 1.
4 1 1 -0.5
4 2 1 -0.87
5 1 1 -0.5
5 2 1 0.87
6 1 2 -0.87
6 2 2 -0.5
7 2 2 0.87
8 1 2 0.87
8 2 2 -0.5
9 1 2 -0.87
9 2 2 -0.5
10 2 2 0.87
11 1 2 0.87
11 2 2 -0.5
1 1 1 1 -1. 
1 2 1 1 -1.73
1 1 4 1 -1.
1 2 4 1 -1.73
1 1 2 1 -0.5
1 1 5 1 -0.5
1 2 2 1 -0.87
1 2 5 1 -0.87
1 1 2 2 0.87
1 1 5 2 0.87
1 2 2 2 1.5
1 2 5 2 1.5 
2 1 7 1 -1.
2 1 10 1 -1. 
2 1 8 1 -0.5
2 1 11 1 -0.5
2 1 8 2 0.87
2 1 11 2 0.87