20. 50. .3 12 0.25 8.
-5. 5.
-5. 18.
-5. 32.
-5. 45.
0. 5.
0. 18.
0. 32.
0. 45.
5. 5.
5. 18.
5. 32.
5. 45.
9
1 2 2 3 3 4 5 6 6 7 7 8 9 10 10 11 11 12
0.02 500. 3 100. 350000. 100. 350000. 100. 350000.
15 12
1 1 1 -0.5
1 2 1 -0.866
2 1 1 -0.5
2 2 1 0.866
3 1 1 1.
4 1 2 -0.5
4 2 2 -0.866
5 1 2 -0.5
5 2 2 0.866
6 1 2 1.
7 1 3 -0.5
7 2 3 -0.866
8 1 3 -0.5
8 2 3 0.866
9 1 3 1.
1 1 1 1 -1. 
1 1 4 1 -1.
1 1 2 1 -0.5
1 1 2 2 0.866
2 2 5 1 -1.
2 2 8 1 -1.
2 2 6 1 -0.5
2 2 6 2 0.866
3 3 9 1 -1.
3 3 12 1 -1.
3 3 10 1 -0.5
3 3 10 2 0.866