80. 128. 0.4 17 0.25 7.
-13. 9.
13. 9.
-19.25 24.5
19.25 24.5 
-16. 41.
16. 41.
-23. 58.5
23. 58.5
-32. 74.
0. 77.5
32. 74.
-17.5 86.
0. 94.
17.5 86.
0. 112.
-25. 117.
25. 117.
11
1 2 3 4 5 6 7 8 10 9 11 10 12 10 10 14 16 15 15 17 10 13
0.02 1000. 10 100. 200000. 100. 220000. 100. 180000. 100. 200000.
              100. 140000. 100. 140000. 100. 110000. 100. 110000.
              100. 50000.  100. 50000. 
16 16
1 1 1 -0.5
1 2 1 -0.866
2 1 2 -0.5
2 2 2 0.866
3 1 3 1.
4 1 4 -0.5
4 2 4 -0.866
5 1 5 1.
6 1 6 -0.5
6 2 6 0.866
7 1 7 -0.5
7 2 7 0.866
8 1 8 1.
9 1 9 -0.5
9 2 9 0.866
10 1 10 1.
1 1 1 1 -0.5
1 1 1 2 -0.866
2 2 3 1 -0.5
2 2 3 2 0.866
3 3 5 1 1.
4 4 7 1 -0.5
4 4 7 2 -0.866
5 5 9 1 -1.
6 6 11 1 -0.5
6 6 11 2 0.866
7 7 12 1 -0.5
7 7 12 2 0.866
8 8 14 1 -1.
9 9 16 1 -0.5
9 9 16 2 0.866
10 10 17 1 -1.
