80. 128. 0.4 14 0.25 7.
-13. 9.
13. 9.
-19.25 24.5
19.25 24.5
-16. 41.
16. 41
-23. 58.5
23. 58.5
-32. 74.
0. 77.5
32. 74.
-17.5 86.
0. 94.
17.5 86.
12
1 3 3 5 9 12 12 10 1 2 2 7 7 8 3 4 5 6 9 11 12 14 10 13
0.02 500. 2 100. 800000. 100. 600000.
8 14
1 1 1 -0.5
1 2 1 -0.866
2 1 1 -0.5
2 2 1 0.866
3 1 2 -0.5
3 2 2 -0.866
4 1 2 -0.5
4 2 2 0.866
1 1 1 1 -1.
1 1 2 1 -1.
1 1 7 1 -1.
1 1 8 1 -1.
1 1 3 1 -0.5
1 1 4 1 -0.5
1 1 3 2 0.866
1 1 4 2 0.866
2 2 9 1 -1.
2 2 11 1 -1.
2 2 12 1 -0.5
2 2 14 1 -0.5
2 2 12 2 0.866
2 2 14 2 0.866     