80. 135. 0.3 11 0.25 5.
-35. 17.
-28. 4.
0. 4.
28. 4.
35. 17.
-35. 35.
35. 35.
-30. 75.
30. 75.
-30. 85.
30. 85.
9
1 2 2 3 3 4 4 5 7 6 6 3 8 9 8 10 9 11
0.02 500. 6 80. 30000. 80. 50000. 80. 50000. 80. 30000. 
80. 200000. 80. 250000.
10 22
1 1 1 -1.
2 1 2 0.5
2 2 2 -0.866
3 1 3 0.5
3 2 3 0.866
4 1 4 -1.
5 1 5 1.
6 1 5 -0.5
6 2 5 -0.866
7 1 6 -1.
1 1 1 1 -1.
2 2 2 1 0.5
2 2 2 2 -0.866
2 2 1 1 0.5
2 2 1 2 -0.866
3 3 3 1 0.5
3 3 3 2 0.866
3 3 2 1 0.5
3 3 2 2 0.866
3 3 1 1 0.5
3 3 1 2 0.866
3 3 6 1 0.5
3 3 6 2 0.866
3 3 7 1 0.5
3 3 7 2 0.866
4 4 5 1 1.
5 5 6 1 -0.5
5 5 6 2 -0.866
5 5 7 1 0.5
5 5 7 2 -0.866
6 6 8 1 -1.
6 6 10 1 -1.