65. 121. 0.3 8 0.25 5.
-13. 5.
13. 5.
-30. 28.
30. 28.
-24. 68.
-8. 68.
8. 68.
24. 68.
6
3 1 1 2 2 4 5 6 6 7 7 8
0.02 500. 6 100. 50000. 100. 50000. 100. 50000. 100. 50000.
100. 50000. 100. 50000.
10 14
1 1 1 -0.5
1 2 1 -0.866
2 1 2 -0.5
2 2 2 0.866
3 1 3 1.
4 1 4 -0.5
4 2 4 -0.866
5 1 5 -0.5
5 2 5 0.866
6 1 6 1.
1 1 3 1 -0.5
1 1 3 2 -0.866
2 2 1 1 -0.5
2 2 1 2 0.866
2 2 3 1 -0.5
2 2 3 2 0.866
3 3 4 1 -1.
4 4 5 1 -0.5
4 4 5 2 -0.866
5 5 6 1 -0.5
5 5 6 2 0.866
5 5 5 1 -0.5
5 5 5 2 0.866
6 6 8 1 -1.