54. 100. 0.3 13 0.25 5.
-24. 17.3
24. 17.3
-24. 37.3
24. 37.3
-18. 55.9
-9. 55.9
0. 55.9
9. 55.9
18. 55.9
-18.1  97.
18.1  97.
-10. 3.
10. 3.
10
1 2 2 12 5 6 6 7 7 8 8 9 10 11 1 3 2 4 12 13
0.02 1000. 6 100. 200000. 100. 40000. 100. 40000. 
100. 40000. 100. 40000. 100. 80000.
10 21
1 1 1 -1.
2 1 1 0.5
2 2 1 -0.866
3 1 2 -1.
4 1 3 0.5
4 2 3 -0.866
5 1 4 0.5
5 2 4 0.866
6 1 5 -1.
7 1 6 -1.
1 1 1 1 -0.5
1 1 3 1 -0.5
1 1 1 2 -0.866
1 1 3 2 -0.866
1 1 2 1 0.5
1 1 4 1 0.5
1 1 2 2 -0.866
1 1 4 2 -0.866
2 2 5 1 -1.
3 3 6 1 0.5
3 3 6 2 -0.866
3 3 5 1 0.5
3 3 5 2 -0.866
4 4 7 1 0.5
4 4 7 2 0.866
4 4 6 1 0.5
4 4 6 2 0.866
4 4 5 1 0.5
4 4 5 2 0.866
5 5 9 1 1.
6 6 10 1 -1.