93. 118.5 0.3 15 0.25 6.
-42. 108.5
-28. 108.5
-14. 108.5
0. 108.5
14. 108.5
28. 108.5
42. 108.5
-12. 5.
-41.5 67.4
-41.5 77.4
41.5 77.4
41.5 67.4
12. 5.
-24. 5.
24. 5.
13
1 2 2 3 8 9 9 12 1 4 1 7 2 5 3 6 8 13 9 10 11 12 8 14 13 15
0.02 500. 2 100. 800000. 100. 700000.
8 15
1 1 1 -0.5 
1 2 1 -0.866
2 1 1 -0.5
2 2 1 0.866
3 1 2 -0.5
3 2 2 -0.866
4 1 2 -0.5
4 2 2 0.866
1 1 1 1 -1.
1 1 4 1 -1.
1 1 7 1 -1.
1 1 2 1 -0.5
1 1 5 1 -0.5
1 1 2 2 0.866
1 1 5 2 0.866
2 2 8 1 -1.
2 2 13 1 -1.
2 2 14 1 -1.
2 2 15 1 -1.
2 2 9 1 -0.5
2 2 10 1 -0.5
2 2 9 2 0.866
2 2 10 2 0.866