52. 120. 0.3 13 0.25 5.
-21.5 67.
-10.75 67.
0. 67.
10.75 67.
21.5 67.
-16.125 62.
-5.375 62.
5.375 62.
16.125 62.
-20. 6.25
-8. 41.75
8. 41.75
20. 6.25
11
1 3 3 2 11 10 10 13 13 12 1 4 1 7 2 5 2 8 3 6 3 9 
0.02 500. 4 100. 600000. 100. 70000. 100. 70000. 100. 70000.
9 15
1 1 1 -0.5
1 2 1 -0.866
2 1 1 -0.5
2 2 1 0.866
3 1 2 -0.5
3 2 2 0.866
4 1 3 1.
5 1 4 -0.5
5 2 4 -0.866
1 1 1 1 -1.
1 1 4 1 -1.
1 1 7 1 -1.
1 1 3 1 -0.5
1 1 6 1 -0.5
1 1 9 1 -0.5
1 1 3 2 0.866
1 1 6 2 0.866
1 1 9 2 0.866
2 2 11 1 -0.5
2 2 11 2 0.866
3 3 10 1 1.
3 3 11 1 1.
4 4 12 1 0.5
4 4 12 2 0.866
