61. 85. 2. 19 0.25 4.
-25. 39.
-25. 28.
-25. 17.
-25. 6.
25. 39.
25. 28.
25. 17.
25. 6.
10. 10.
-10. 10.
10. 30.
-10. 30.
10. 50.
-10. 50.
20. 70.
10. 70.
0. 70.
-10. 70.
-20. 70.
13
1 2 2 3 5 6 6 7 9 10 11 12 13 14 15 16 16 17 1 4 5 8 15 18 16 19
0.02 500. 6 100. 200000. 100. 200000. 100. 150000. 100. 150000
100. 150000. 100. 250000.
17 20
1 1 1 -0.5
1 2 1 0.866
2 1 1 1.
3 1 2 -0.5
3 2 2 -0.866
4 1 2 -0.5
4 2 2 0.866
5 1 3 -0.5
5 2 3 -0.866
6 1 4 -0.5
6 2 4 -0.866
7 1 5 -0.5
7 2 5 -0.866
8 1 6 -0.5
8 2 6 -0.866
9 1 6 -0.5
9 2 6 0.866
1 1 1 2 1.73
1 1 4 2 1.73
1 1 2 1 1.5
1 1 2 2 0.866
2 2 5 1 -1.
2 2 8 1 -1.
2 2 6 1 -0.5
2 2 6 2 0.866
3 3 9 1 -0.5
3 3 9 2 -0.866
4 4 11 1 -0.5
4 4 11 2 -0.866
5 5 13 1 -0.5
5 5 13 2 -0.866
6 6 15 1 -1.
6 6 18 1 -1.
6 6 16 1 -0.5
6 6 19 1 -0.5
6 6 16 2 0.866
6 6 19 2 0.866