54. 84. 0.3 10 0.25 7.
-22. 30.
-9. 5.
-3. 5.
3. 5. 
9. 5.
22. 30.
-20.25 47.
-6.75 47.
6.75 47.
20.25 47.
8
1 2 5 6 6 1 7 8 8 9 9 10 2 3 4 5
0.02 500. 6 100. 130000. 100. 130000. 100. 130000.
100. 120000. 100. 120000. 100. 120000.
10 18
1 1 1 -0.5
1 2 1 -0.866
2 1 2 -0.5
2 2 2 0.866
3 1 3 1.
4 1 4 -0.5
4 2 4 -0.866
5 1 5 -0.5
5 2 5 0.866
6 1 6 1.
1 1 2 1 0.5
1 1 3 1 0.5
1 1 2 2 0.866
1 1 3 2 0.866
2 2 4 1 -0.5
2 2 5 1 -0.5
2 2 4 2 0.866
2 2 5 2 0.866
3 3 6 1 1.
3 3 4 1 1.
3 3 5 1 1.
4 4 7 1 -0.5
4 4 7 2 -0.866
5 5 8 1 -0.5
5 5 8 2 0.866
5 5 7 1 -0.5
5 5 7 2 0.866
6 6 10 1 -1.