61. 85. 2. 12 0.25 4.
-26. 6.
-9. 10.
9. 10.
26. 6.
-26. 15.
-9. 15.
9. 15.
26. 15. 
-19.5 50.
-6.5 50.
6.5 50.
19.5 50.
9
1 2 2 3 5 6 6 7 9 10 10 11 1 4 5 8 9 12
0.02 500. 3 100. 150000. 100. 150000. 100. 150000.
12 12
1 1 1 -0.5
1 2 1 -0.866
2 1 1 -0.5
2 2 1 0.866
3 1 2 -0.5
3 2 2 -0.866
4 1 2 -0.5
4 2 2 0.866
5 1 3 -0.5
5 2 3 -0.866
6 1 3 -0.5
6 2 3 0.866
1 1 1 1 -1.
1 1 4 1 -1.
1 1 2 1 -0.5
1 1 2 2 0.866
2 2 5 1 -1.
2 2 8 1 -1.
2 2 6 1 -0.5
2 2 6 2 0.866
3 3 9 1 -1.
3 3 12 1 -1.
3 3 10 1 -0.5
3 3 10 2 0.866