70. 140. 0.3 12 0.25 7.
-26. 10.
26 10.
-26. 20.
26. 20.
-26. 30. 
26. 30.
-29.2 48.
-17.6 48.
-6. 48.
6. 48.
17.6 48.
29.2 48.
8
1 2 3 4 5 6 7 8 8 9 7 10 8 11 9 12 
0.02 500. 4 100. 130000. 100. 130000. 100. 130000. 100. 510000.
14 11
1 1 1 -0.5
1 2 1 -0.866
2 1 2 -0.5
2 2 2 0.866
3 1 3 1.
4 1 4 -0.5
4 2 4 -0.866
5 1 4 -0.5 
5 2 4 0.866
6 1 4 1.
7 1 4 -0.5 
7 2 4 -0.866
8 1 4 -0.5
8 2 4 0.866
1 1 1 1 -0.5
1 1 1 2 -0.866
2 2 3 1 -0.5
2 2 3 2 0.866
3 3 5 1 1.
4 4 7 1 -1.
4 4 10 1 -1.
4 4 8 1 -0.5
4 4 11 1 -0.5
4 4 8 1 0.866
4 4 8 2 0.866
 