36. 60. 0.3 16 0.25 7.
-15. 3.
 -5. 3.
  5. 3.
 15. 3.
-15. 21.
 -5. 21.
  5. 21.
 15. 21.
-15. 39.
 -5. 39.
  5. 39.
 15. 39.
-15. 57.
 -5. 57.
  5. 57. 
 15. 57.
12
1 2 2 3 3 4 5 6 6 7 7 8 9 10 10 11 11 12 13 14 14 15 15 16 
0.02 1000. 4 80. 900000. 80. 900000. 80. 900000. 80. 900000.
20 19
1 1 1 -0.5
1 2 1 -0.866
2 1 1 -0.5
2 2 1 0.866
3 1 1 1.
4 1 2 -0.5
4 2 2 0.866
5 1 2 1.
6 1 2 -0.5
6 2 2 -0.866
7 1 3 1.
8 1 3 -0.5
8 2 3 -0.866
9 1 3 -0.5
9 2 3 0.866
10 1 4 -0.5
10 2 4 -0.866
11 1 4 -0.5
11 2 4 0.866
12 1 4 1.
1 1 1 1 -1.
1 1 4 1 -1.
1 1 2 1 -0.5
1 1 2 2 0.866
2 2 5 1 0.5
2 2 8 1 0.5
2 2 5 2 0.866
2 2 8 2 0.866
2 2 6 1 1.
3 3 9 1 0.5
3 3 9 2 -0.866
3 3 12 1 0.5
3 3 12 2 -0.866
3 3 10 1 -0.5
3 3 10 2 -0.866
4 4 13 1 -1.
4 4 16 1 -1.
4 4 14 1 -0.5
4 4 14 2 0.866