80. 115. 0.3 16 0.25 8.
-35. 10.
-25. 5.
0. 5.
25. 5.
35. 10.
-35. 35.
35. 35.
-35. 55.
35. 55.
-30. 75.
-15. 75.
0. 75.
15. 75.
30. 75.
-18.1 110.
18.1 110.
12
1 2 2 3 3 4 4 5 6 7 8 9 8 6 10 11 11 12 12 13 13 14 15 16
0.02 500. 12 100. 50000. 100. 100000. 100. 100000. 100. 50000. 100. 150000.
100. 150000. 100. 100000. 100. 50000. 100. 50000. 100. 50000. 100. 50000. 100. 80000.
20 27
1 1 1 0.5
1 2 1 0.866
2 1 2 -0.5
2 2 2 -0.866
3 1 3 -0.5
3 2 3 0.866
4 1 4 0.5
4 2 4 -0.866
5 1 5 -1.
6 1 6 -1.
7 1 5 0.5
7 1 6 -0.5
7 2 7 1.
8 1 8 -1.
9 1 9 0.5
9 2 9 -0.866
10 1 10 0.5
10 2 10 0.866
11 1 11 -1.
12 1 12 -1.
1 1 1 1 0.5
1 1 1 2 0.866
2 2 2 1 -0.5
2 2 2 2 -0.866
2 2 1 1 -0.5
2 2 1 2 -0.866
3 3 4 1 0.5
3 3 4 2 -0.866
3 3 5 1 0.5
3 3 5 2 -0.866
4 4 5 1 -0.5
4 4 5 2 0.866
5 5 6 1 -1.
6 6 8 1 -1.
7 7 8 2 1.
7 7 9 2 1.
8 8 10 1 -1.
9 9 11 1 0.5
9 9 10 1 0.5
9 9 11 2 -0.866
9 9 10 2 -0.866
10 10 13 1 -0.5
10 10 14 1 -0.5
10 10 13 2 -0.866
10 10 14 2 -0.866
11 11 14 1 1.
12 12 15 1 -1.