
       L= 17.00
       H= 19.00
     . .  RO =   .300

                

  U   -6.00   -6.00     .00     .00    6.00    6.00

  V    3.00   16.00    3.00   16.00    3.00   16.00

                          

        .25     .25     .25     .25     .25     .25

                          

       4.50    4.50    4.50    4.50    4.50    4.50

         NP = 5
     HH HH  U0:     100.0      30.0      30.0      30.0      30.0
     H H     P0:   60000.0   15000.0   15000.0   15000.0   15000.0

     H  HH
B( 1, 1, 1) = -1.00     B( 2, 2, 2) = -1.00     B( 3, 2, 3) =  1.00     B( 4, 2, 4) = -1.00     B( 5, 2, 5) =  1.00

     H  H
A( 1, 1, 3, 1) = -1.00  A( 2, 2, 1, 2) =  1.00  A( 3, 3, 5, 2) = -1.00  A( 4, 4, 2, 2) =  1.00  A( 5, 5, 6, 2) = -1.00
   
  U0:     102.096500       30.872250       30.872250       30.865690
       30.865690
 U( 3, 4)= -102.1  --      .0
 U( 3, 1)=     .0  --   -30.9
 U( 3, 5)=     .0  --    30.9
 U( 4, 2)=     .0  --   -30.9
 U( 4, 6)=     .0  --    30.9
   
       1       2       3       4       5       6
     -557.    557.   -583.    583.   -557.    557.
      481.    481.      0.      0.   -481.   -481.
      736.    736.    583.    583.    736.    736.
