80. 115. 0.3 16 0.25 8.
-35. 10.
-25. 5.
0. 5.
25. 5.
35. 10.
-35. 35.
35. 35.
-35. 55.
35. 55.
-30. 75.
-15. 75.
0. 75.
15. 75.
30. 75.
-18.1 110.
18.1 110.
12
1 2 2 3 3 4 4 5 6 7 8 9 8 6 10 11 11 12 12 13 13 14 15 16
0.02 500. 12 100. 50000. 100. 100000. 100. 100000. 100. 50000. 100. 150000.
100. 150000. 100. 100000. 100. 50000. 100. 50000. 100. 50000. 100. 50000. 100. 80000.
25 30
1 1 1 1.
2 1 2 -1.
3 1 3 0.5
3 2 3 -0.866
4 1 4 -0.5
4 2 4 0.866
5 1 5 -0.5
5 2 5 -0.866
6 1 6 -0.5
6 2 6 -0.866
7 1 6 -0.25
7 2 6 -0.433
7 1 5 0.25
7 2 5 0.433
7 1 7 0.866
7 2 7 -0.5
8 1 8 -0.5
8 2 8 -0.866
9 1 9 -0.5
9 2 9 0.866
10 1 10 1.
11 1 11 -0.5
11 2 11 -0.866
12 1 12 -0.5
12 2 12 -0.866
1 1 1 1 1.
2 2 2 1 -1.
2 2 1 1 1.
3 3 4 1 -0.5
3 3 4 2 0.866
3 3 5 1 0.5
3 3 5 2 -0.866
4 4 5 1 0.5
4 4 5 2 -0.866
5 5 6 1 -0.5
5 5 6 2 -0.866
6 6 8 1 -0.5
6 6 8 2 -0.866
7 7 8 1 0.866
7 7 9 1 0.866
7 7 8 2 -0.5
7 7 9 2 -0.5
8 8 10 1 -0.5
8 8 10 2 -0.866
9 9 11 1 -0.5
9 9 11 2 0.866
9 9 10 1 -0.5
9 9 10 2 0.866
10 10 12 1 1.
10 10 11 1 1.
10 10 10 1 1.
11 11 14 1 0.5
11 11 14 2 0.866
12 12 15 1 -0.5
12 12 15 2 -0.866