25. 40. 3. 0.72 12 24 0
-12.5 3.
-12.5 6.
-12.5 7.
-12.5 10.
-12.5 16.5
-12.5 19.5
-12.5 20.5
-12.5 23.5
-12.5 30.
-12.5 33.
-12.5 34.
-12.5 37.
12.5 37.
12.5 34.
12.5 33.
12.5 30.
12.5 23.5
12.5 20.5
12.5 19.5
12.5 16.5
12.5 10.
12.5 7.
12.5 6.
12.5 3.
9
1 2 5 6 9 10 1 3 2 4 5 7 6 8 9 11 10 12
0.02 500. 3 100. 140000. 100. 140000. 100. 140000.
5 10
1 1 1 -0.5
1 2 1 -0.866
2 1 2 -0.5
2 2 2 0.866
3 1 3 1.
1 1 1 1 -0.5
1 1 3 1 -0.5
1 1 1 2 -0.866
1 1 3 2 -0.866
2 2 5 1 -0.5
2 2 7 1 -0.5
2 2 5 2 0.866
2 2 7 2 0.866
3 3 9 1 1.
3 3 11 1 1.